"","A","C","D","E","F","G","H","I","K","L","M","N","P","Q","R","S","T","V","W","Y"
"A",0,1.42857142857143,2.4375,1.7875,2.36363636363636,1.25,1.96153846153846,2.25,1.5,2.25,1.71875,2.04545454545455,1.45833333333333,1.47727272727273,1.7875,0.777777777777778,1.25,1.5625,2.36764705882353,2.30208333333333
"C",1.42857142857143,0,2.82857142857143,3.12142857142857,1.75324675324675,2.66666666666667,2.53846153846154,1.66964285714286,2.82857142857143,2.20535714285714,1.71428571428571,1.97402597402597,2.61904761904762,2.45454545454545,2.82857142857143,1.61904761904762,1.61904761904762,1.66964285714286,2.11764705882353,2.14285714285714
"D",2.4375,2.82857142857143,0,0.64,3.10909090909091,2.02222222222222,1.6,3.6,1.69,3.6,3,0.818181818181818,2.125,1.41818181818182,2.25,1.46666666666667,2.02222222222222,3.6,3.17647058823529,2.69166666666667
"E",1.7875,3.12142857142857,0.64,0,3.10909090909091,2.66666666666667,1.38461538461538,3.1875,1,3.1875,2.125,1.41818181818182,1.86666666666667,0.654545454545455,1.44,1.46666666666667,1.73333333333333,2.4375,2.64705882352941,2.69166666666667
"F",2.36363636363636,1.75324675324675,3.10909090909091,3.10909090909091,0,3.26262626262626,1.78321678321678,1.47727272727273,2.47272727272727,1,1.18181818181818,2.67768595041322,2.59090909090909,2.38842975206612,2.47272727272727,2.26262626262626,2.26262626262626,1.75,1,0.424242424242424
"G",1.25,2.66666666666667,2.02222222222222,2.66666666666667,3.26262626262626,0,2.43589743589744,4.25,2.33333333333333,3.77777777777778,2.81481481481481,1.44444444444444,2.5,2.26262626262626,2.66666666666667,1.49382716049383,2.41975308641975,3.77777777777778,2.50980392156863,3.14814814814815
"H",1.96153846153846,2.53846153846154,1.6,1.38461538461538,1.78321678321678,2.43589743589744,0,2.88461538461538,1.6,2.55769230769231,1.96153846153846,1,1.96153846153846,0.839160839160839,1.18461538461538,1.64102564102564,1.88888888888889,2.88461538461538,1.79185520361991,0.846153846153846
"I",2.25,1.66964285714286,3.6,3.1875,1.47727272727273,4.25,2.88461538461538,0,2.8,0.5625,0.802083333333333,3.06818181818182,2.96875,2.70454545454545,3.1875,2.52777777777778,1.83333333333333,0.25,2.36764705882353,2
"K",1.5,2.82857142857143,1.69,1,2.47272727272727,2.33333333333333,1.6,2.8,0,2.8,1.86666666666667,1.2,1.625,0.654545454545455,0.49,1.46666666666667,1.73333333333333,2.4375,2.64705882352941,2.125
"L",2.25,2.20535714285714,3.6,3.1875,1,3.77777777777778,2.55769230769231,0.5625,2.8,0,0.46875,3.06818181818182,2.96875,2.36363636363636,2.8,2.91666666666667,2.16666666666667,1,2.10294117647059,2
"M",1.71875,1.71428571428571,3,2.125,1.18181818181818,2.81481481481481,1.96153846153846,0.802083333333333,1.86666666666667,0.46875,0,2.06060606060606,2.00694444444444,1.37878787878788,1.86666666666667,1.92592592592593,1.42592592592593,1,1.64705882352941,2.00694444444444
"N",2.04545454545455,1.97402597402597,0.818181818181818,1.41818181818182,2.67768595041322,1.44444444444444,1,3.06818181818182,1.2,3.06818181818182,2.06060606060606,0,2.06060606060606,1.1900826446281,1.41818181818182,1,1.21212121212121,3.06818181818182,2.54010695187166,2.06060606060606
"P",1.45833333333333,2.61904761904762,2.125,1.86666666666667,2.59090909090909,2.5,1.96153846153846,2.96875,1.625,2.96875,2.00694444444444,2.06060606060606,0,1.81818181818182,2.125,1.66666666666667,1.92592592592593,2.625,2.45098039215686,2.50694444444444
"Q",1.47727272727273,2.45454545454545,1.41818181818182,0.654545454545455,2.38842975206612,2.26262626262626,0.839160839160839,2.70454545454545,0.654545454545455,2.36363636363636,1.37878787878788,1.1900826446281,1.81818181818182,0,1,1.44444444444444,1.6969696969697,2.36363636363636,1.88235294117647,1.81818181818182
"R",1.7875,2.82857142857143,2.25,1.44,2.47272727272727,2.66666666666667,1.18461538461538,3.1875,0.49,2.8,1.86666666666667,1.41818181818182,2.125,1,0,1.73333333333333,1.73333333333333,2.8,2.4,2.125
"S",0.777777777777778,1.61904761904762,1.46666666666667,1.46666666666667,2.26262626262626,1.49382716049383,1.64102564102564,2.52777777777778,1.46666666666667,2.91666666666667,1.92592592592593,1,1.66666666666667,1.44444444444444,1.73333333333333,0,0.604938271604938,2.16666666666667,2.50980392156863,2.2037037037037
"T",1.25,1.61904761904762,2.02222222222222,1.73333333333333,2.26262626262626,2.41975308641975,1.88888888888889,1.83333333333333,1.73333333333333,2.16666666666667,1.42592592592593,1.21212121212121,1.92592592592593,1.6969696969697,1.73333333333333,0.604938271604938,0,1.25,2.50980392156863,2.2037037037037
"V",1.5625,1.66964285714286,3.6,2.4375,1.75,3.77777777777778,2.88461538461538,0.25,2.4375,1,1,3.06818181818182,2.625,2.36363636363636,2.8,2.16666666666667,1.25,0,2.10294117647059,2.30208333333333
"W",2.36764705882353,2.11764705882353,3.17647058823529,2.64705882352941,1,2.50980392156863,1.79185520361991,2.36764705882353,2.64705882352941,2.10294117647059,1.64705882352941,2.54010695187166,2.45098039215686,1.88235294117647,2.4,2.50980392156863,2.50980392156863,2.10294117647059,0,0.735294117647059
"Y",2.30208333333333,2.14285714285714,2.69166666666667,2.69166666666667,0.424242424242424,3.14814814814815,0.846153846153846,2,2.125,2,2.00694444444444,2.06060606060606,2.50694444444444,1.81818181818182,2.125,2.2037037037037,2.2037037037037,2.30208333333333,0.735294117647059,0
