"","A","C","D","E","F","G","H","I","K","L","M","N","P","Q","R","S","T","V","W","Y"
"A",0,1.23076923076923,1.85714285714286,1.60714285714286,2.2,1,1.78571428571429,2.04081632653061,1.28571428571429,2.14285714285714,1.57142857142857,1.9047619047619,1.23809523809524,1.57142857142857,1.9047619047619,0.510204081632653,1,1.30612244897959,2.25,2.14285714285714
"C",1.23076923076923,0,2.61538461538462,2.88461538461538,1.83076923076923,2.43589743589744,2.43589743589744,1.48351648351648,2.55769230769231,1.84615384615385,1.64102564102564,2.15384615384615,2.19230769230769,2.15384615384615,2.43589743589744,1.48351648351648,1.44230769230769,1.48351648351648,1.81730769230769,2.01398601398601
"D",1.85714285714286,2.61538461538462,0,0.6,2.56,1.73333333333333,1.4,3.4,1.5,3.68333333333333,2.66666666666667,0.622222222222222,1.625,1.22222222222222,1.73333333333333,1.25714285714286,1.5,2.97142857142857,2.7,2.47272727272727
"E",1.60714285714286,2.88461538461538,0.6,0,2.8,2.16666666666667,1,3.25,0.765625,3.5,2.16666666666667,1.25,1.45833333333333,0.416666666666667,1.25,1.28571428571429,1.5625,2.35714285714286,2.40625,2.36363636363636
"F",2.2,1.83076923076923,2.56,2.8,0,2.66666666666667,1.4,1.25714285714286,2.4375,1,1,2.66666666666667,2.4,2.33333333333333,2.33333333333333,2.2,2.1,1.54285714285714,1,0.381818181818182
"G",1,2.43589743589744,1.73333333333333,2.16666666666667,2.66666666666667,0,1.92592592592593,3.55555555555556,1.83333333333333,3.85185185185185,2.41975308641975,1.23456790123457,2.2037037037037,2.08641975308642,2.08641975308642,1.26984126984127,1.83333333333333,3.0952380952381,2.29166666666667,2.57575757575758
"H",1.78571428571429,2.43589743589744,1.4,1,1.4,1.92592592592593,0,2.78571428571429,1.21875,2.59722222222222,1.92592592592593,0.814814814814815,1.77777777777778,0.814814814814815,1,1.5,1.71875,2.42857142857143,1.66666666666667,0.545454545454545
"I",2.04081632653061,1.48351648351648,3.4,3.25,1.25714285714286,3.55555555555556,2.78571428571429,0,2.78571428571429,0.476190476190476,0.555555555555556,3.0952380952381,2.42857142857143,2.66666666666667,2.66666666666667,2.46938775510204,1.60714285714286,0.183673469387755,2.25,1.81818181818182
"K",1.28571428571429,2.55769230769231,1.5,0.765625,2.4375,1.83333333333333,1.21875,2.78571428571429,0,2.5,1.83333333333333,1,1.45833333333333,0.583333333333333,0.416666666666667,1.28571428571429,1.265625,2.35714285714286,2.40625,2.04545454545455
"L",2.14285714285714,1.84615384615385,3.68333333333333,3.5,1,3.85185185185185,2.59722222222222,0.476190476190476,2.5,0,0.333333333333333,3.33333333333333,2.59722222222222,2.40740740740741,2.40740740740741,2.61904761904762,2.0625,0.714285714285714,2.08333333333333,1.57575757575758
"M",1.57142857142857,1.64102564102564,2.66666666666667,2.16666666666667,1,2.41975308641975,1.92592592592593,0.555555555555556,1.83333333333333,0.333333333333333,0,2.08641975308642,1.92592592592593,1.23456790123457,1.77777777777778,1.9047619047619,1.25,0.761904761904762,1.58333333333333,1.6969696969697
"N",1.9047619047619,2.15384615384615,0.622222222222222,1.25,2.66666666666667,1.23456790123457,0.814814814814815,3.0952380952381,1,3.33333333333333,2.08641975308642,0,1.92592592592593,1,1.23456790123457,0.761904761904762,1,2.66666666666667,2.55555555555556,1.96969696969697
"P",1.23809523809524,2.19230769230769,1.625,1.45833333333333,2.4,2.2037037037037,1.77777777777778,2.42857142857143,1.45833333333333,2.59722222222222,1.92592592592593,1.92592592592593,0,1.66666666666667,1.66666666666667,1.5,1.71875,2.0952380952381,2.27604166666667,2.31818181818182
"Q",1.57142857142857,2.15384615384615,1.22222222222222,0.416666666666667,2.33333333333333,2.08641975308642,0.814814814814815,2.66666666666667,0.583333333333333,2.40740740740741,1.23456790123457,1,1.66666666666667,0,0.790123456790123,1.26984126984127,1.25,2.26984126984127,1.80555555555556,1.6969696969697
"R",1.9047619047619,2.43589743589744,1.73333333333333,1.25,2.33333333333333,2.08641975308642,1,2.66666666666667,0.416666666666667,2.40740740740741,1.77777777777778,1.23456790123457,1.66666666666667,0.790123456790123,0,1.57142857142857,1.52777777777778,2.26984126984127,2.04166666666667,1.96969696969697
"S",0.510204081632653,1.48351648351648,1.25714285714286,1.28571428571429,2.2,1.26984126984127,1.5,2.46938775510204,1.28571428571429,2.61904761904762,1.9047619047619,0.761904761904762,1.5,1.26984126984127,1.57142857142857,0,0.535714285714286,2.04081632653061,2.55357142857143,1.81818181818182
"T",1,1.44230769230769,1.5,1.5625,2.1,1.83333333333333,1.71875,1.60714285714286,1.265625,2.0625,1.25,1,1.71875,1.25,1.52777777777778,0.535714285714286,0,1,2.1328125,1.75
"V",1.30612244897959,1.48351648351648,2.97142857142857,2.35714285714286,1.54285714285714,3.0952380952381,2.42857142857143,0.183673469387755,2.35714285714286,0.714285714285714,0.761904761904762,2.66666666666667,2.0952380952381,2.26984126984127,2.26984126984127,2.04081632653061,1,0,2.25,1.81818181818182
"W",2.25,1.81730769230769,2.7,2.40625,1,2.29166666666667,1.66666666666667,2.25,2.40625,2.08333333333333,1.58333333333333,2.55555555555556,2.27604166666667,1.80555555555556,2.04166666666667,2.55357142857143,2.1328125,2.25,0,0.590909090909091
"Y",2.14285714285714,2.01398601398601,2.47272727272727,2.36363636363636,0.381818181818182,2.57575757575758,0.545454545454546,1.81818181818182,2.04545454545455,1.57575757575758,1.6969696969697,1.96969696969697,2.31818181818182,1.6969696969697,1.96969696969697,1.81818181818182,1.75,1.81818181818182,0.590909090909091,0
