"","A","C","D","E","F","G","H","I","K","L","M","N","P","Q","R","S","T","V","W","Y"
"A",0,1.33333333333333,1.8,1.4,2.28571428571429,1,1.75,1.96,1.4,2.1,1.8,1.8,1.35,1.4,1.86666666666667,0.64,1,1.44,2.03636363636364,2.28571428571429
"C",1.33333333333333,0,2.66666666666667,2.85185185185185,1.9047619047619,2.40740740740741,2.52777777777778,1.71111111111111,2.40740740740741,1.83333333333333,1.57142857142857,2.26984126984127,2.16666666666667,2.40740740740741,2.40740740740741,1.71111111111111,1.71111111111111,1.33333333333333,1.96969696969697,1.9047619047619
"D",1.8,2.66666666666667,0,0.714285714285714,2.46938775510204,1.71428571428571,1.60714285714286,3.42857142857143,1.33333333333333,3.85714285714286,2.46938775510204,0.73469387755102,1.60714285714286,1.33333333333333,1.71428571428571,1.37142857142857,1.8,2.82857142857143,2.87012987012987,2.46938775510204
"E",1.4,2.85185185185185,0.714285714285714,0,2.61904761904762,2.25,1.3125,3,1,3.33333333333333,2.14285714285714,1.33333333333333,1.66666666666667,0.444444444444444,1.36111111111111,1.4,1.4,2.4,2.27272727272727,2.61904761904762
"F",2.28571428571429,1.9047619047619,2.46938775510204,2.61904761904762,0,2.61904761904762,1.60714285714286,1.37142857142857,2.61904761904762,1,1.30612244897959,2.46938775510204,2.35714285714286,2.61904761904762,2.61904761904762,2.28571428571429,2.28571428571429,1.37142857142857,1,0.326530612244898
"G",1,2.40740740740741,1.71428571428571,2.25,2.61904761904762,0,2.0625,3.66666666666667,1.77777777777778,4.125,2.61904761904762,1.33333333333333,2.0625,2.25,2.25,1.4,1.86666666666667,3,2.27272727272727,3.14285714285714
"H",1.75,2.52777777777778,1.60714285714286,1.3125,1.60714285714286,2.0625,0,2.7,1.3125,2.40625,1.96428571428571,1,1.890625,0.729166666666667,1,1.35,1.75,2.7,1.75,0.535714285714286
"I",1.96,1.71111111111111,3.42857142857143,3,1.37142857142857,3.66666666666667,2.7,0,2.4,0.6,0.685714285714286,2.82857142857143,2.7,3,3,2.56,1.44,0.16,2.03636363636364,1.8
"K",1.4,2.40740740740741,1.33333333333333,1,2.61904761904762,1.77777777777778,1.3125,2.4,0,2.625,1.71428571428571,1,1.66666666666667,0.694444444444445,0.444444444444444,1.4,1.4,2.4,2.66666666666667,2.14285714285714
"L",2.1,1.83333333333333,3.85714285714286,3.33333333333333,1,4.125,2.40625,0.6,2.625,0,0.357142857142857,3.14285714285714,3,2.625,2.625,2.8,2.1,1,2.22727272727273,1.92857142857143
"M",1.8,1.57142857142857,2.46938775510204,2.14285714285714,1.30612244897959,2.61904761904762,1.96428571428571,0.685714285714286,1.71428571428571,0.357142857142857,0,2.04081632653061,1.96428571428571,1,1.71428571428571,1.8,1.37142857142857,1,1.51948051948052,1.6530612244898
"N",1.8,2.26984126984127,0.73469387755102,1.33333333333333,2.46938775510204,1.33333333333333,1,2.82857142857143,1,3.14285714285714,2.04081632653061,0,1.96428571428571,1,1.33333333333333,1,1,2.82857142857143,2.49350649350649,2.04081632653061
"P",1.35,2.16666666666667,1.60714285714286,1.66666666666667,2.35714285714286,2.0625,1.890625,2.7,1.66666666666667,3,1.96428571428571,1.96428571428571,0,1.66666666666667,1.66666666666667,1.35,1.75,2.2,2.36363636363636,2.35714285714286
"Q",1.4,2.40740740740741,1.33333333333333,0.444444444444444,2.61904761904762,2.25,0.729166666666667,3,0.694444444444445,2.625,1,1,1.66666666666667,0,0.694444444444445,1.4,1.4,2.4,1.90909090909091,1.71428571428571
"R",1.86666666666667,2.40740740740741,1.71428571428571,1.36111111111111,2.61904761904762,2.25,1,3,0.444444444444444,2.625,1.71428571428571,1.33333333333333,1.66666666666667,0.694444444444445,0,1.4,1.86666666666667,2.4,2.27272727272727,2.14285714285714
"S",0.64,1.71111111111111,1.37142857142857,1.4,2.28571428571429,1.4,1.35,2.56,1.4,2.8,1.8,1,1.35,1.4,1.4,0,0.64,1.96,2.45454545454545,1.8
"T",1,1.71111111111111,1.8,1.4,2.28571428571429,1.86666666666667,1.75,1.44,1.4,2.1,1.37142857142857,1,1.75,1.4,1.86666666666667,0.64,0,1,2.45454545454545,1.8
"V",1.44,1.33333333333333,2.82857142857143,2.4,1.37142857142857,3,2.7,0.16,2.4,1,1,2.82857142857143,2.2,2.4,2.4,1.96,1,0,2.03636363636364,1.8
"W",2.03636363636364,1.96969696969697,2.87012987012987,2.27272727272727,1,2.27272727272727,1.75,2.03636363636364,2.66666666666667,2.22727272727273,1.51948051948052,2.49350649350649,2.36363636363636,1.90909090909091,2.27272727272727,2.45454545454545,2.45454545454545,2.03636363636364,0,0.584415584415584
"Y",2.28571428571429,1.9047619047619,2.46938775510204,2.61904761904762,0.326530612244898,3.14285714285714,0.535714285714286,1.8,2.14285714285714,1.92857142857143,1.6530612244898,2.04081632653061,2.35714285714286,1.71428571428571,2.14285714285714,1.8,1.8,1.8,0.584415584415584,0
