"","A","C","D","E","F","G","H","I","K","L","M","N","P","Q","R","S","T","V","W","Y"
"A",0,1,2,1.5,2,1,1.875,1.5625,1.5,2.25,1.45833333333333,2,1.40625,1.45833333333333,1.45833333333333,0.5625,1,1,2.275,1.92857142857143
"C",1,0,2.40740740740741,2.6,1.62962962962963,2,1.83333333333333,1.38888888888889,2.13333333333333,1.38888888888889,1.62962962962963,2,1.83333333333333,2,2.40740740740741,1.38888888888889,1.33333333333333,1.38888888888889,1.46666666666667,1.57142857142857
"D",2,2.40740740740741,0,0.4,2.77777777777778,1.36111111111111,1.3125,2.625,1.4,3.33333333333333,2.25,0.694444444444445,1.66666666666667,1,1.77777777777778,1,1.4,2.625,2.75,2.14285714285714
"E",1.5,2.6,0.4,0,2.4,1.86666666666667,1,2.8,0.64,2.8,1.86666666666667,1,1.35,0.4,1,1,1.44,2.8,2.08,1.8
"F",2,1.62962962962963,2.77777777777778,2.4,0,2.25,1.3125,1,2.4,1,1,2.25,2.5,2.25,2.25,2,1.86666666666667,1.45833333333333,0.75,0.285714285714286
"G",1,2,1.36111111111111,1.86666666666667,2.25,0,1.66666666666667,3.33333333333333,1.86666666666667,3.33333333333333,2.25,1.36111111111111,1.66666666666667,1.77777777777778,1.77777777777778,1,1.86666666666667,2.625,1.95,2.14285714285714
"H",1.875,1.83333333333333,1.3125,1,1.3125,1.66666666666667,0,2.40625,1.35,2.40625,1.66666666666667,0.729166666666667,1.5625,0.729166666666667,1,1.40625,1.75,2.40625,1.5,0.535714285714286
"I",1.5625,1.38888888888889,2.625,2.8,1,3.33333333333333,2.40625,0,2.8,0.25,0.625,2.625,2.40625,2.625,2.625,2.25,1.5,0.0625,1.8,1.42857142857143
"K",1.5,2.13333333333333,1.4,0.64,2.4,1.86666666666667,1.35,2.8,0,2.8,1.86666666666667,1,1.35,0.666666666666667,0.4,1,1.44,2.1,2.08,1.8
"L",2.25,1.38888888888889,3.33333333333333,2.8,1,3.33333333333333,2.40625,0.25,2.8,0,0.333333333333333,3.33333333333333,2.40625,2,2,3.0625,1.5,0.5625,1.8,1.42857142857143
"M",1.45833333333333,1.62962962962963,2.25,1.86666666666667,1,2.25,1.66666666666667,0.625,1.86666666666667,0.333333333333333,0,1.77777777777778,2.0625,1,1.77777777777778,2,1.4,0.625,1.6,1.33333333333333
"N",2,2,0.694444444444445,1,2.25,1.36111111111111,0.729166666666667,2.625,1,3.33333333333333,1.77777777777778,0,1.66666666666667,1,1,0.625,1,2.625,2.33333333333333,1.71428571428571
"P",1.40625,1.83333333333333,1.66666666666667,1.35,2.5,1.66666666666667,1.5625,2.40625,1.35,2.40625,2.0625,1.66666666666667,0,1.3125,1.66666666666667,1.40625,1.35,1.875,2.1,1.96428571428571
"Q",1.45833333333333,2,1,0.4,2.25,1.77777777777778,0.729166666666667,2.625,0.666666666666667,2,1,1,1.3125,0,0.694444444444445,1,1.4,2,1.6,1.71428571428571
"R",1.45833333333333,2.40740740740741,1.77777777777778,1,2.25,1.77777777777778,1,2.625,0.4,2,1.77777777777778,1,1.66666666666667,0.694444444444445,0,1.45833333333333,1.4,2.625,1.95,1.71428571428571
"S",0.5625,1.38888888888889,1,1,2,1,1.40625,2.25,1,3.0625,2,0.625,1.40625,1,1.45833333333333,0,0.6,2.25,2.275,1.92857142857143
"T",1,1.33333333333333,1.4,1.44,1.86666666666667,1.86666666666667,1.75,1.5,1.44,1.5,1.4,1,1.35,1.4,1.4,0.6,0,1,2.08,1.8
"V",1,1.38888888888889,2.625,2.8,1.45833333333333,2.625,2.40625,0.0625,2.1,0.5625,0.625,2.625,1.875,2,2.625,2.25,1,0,2.275,1.42857142857143
"W",2.275,1.46666666666667,2.75,2.08,0.75,1.95,1.5,1.8,2.08,1.8,1.6,2.33333333333333,2.1,1.6,1.95,2.275,2.08,2.275,0,0.571428571428571
"Y",1.92857142857143,1.57142857142857,2.14285714285714,1.8,0.285714285714286,2.14285714285714,0.535714285714286,1.42857142857143,1.8,1.42857142857143,1.33333333333333,1.71428571428571,1.96428571428571,1.71428571428571,1.71428571428571,1.92857142857143,1.8,1.42857142857143,0.571428571428571,0
