"","A","C","D","E","F","G","H","I","K","L","M","N","P","Q","R","S","T","V","W","Y"
"A",0,1.58666666666667,1.35,1.4,1.75,1,1.63333333333333,1.44,1,1.96,1,1.37142857142857,1.68,1,1.35,0.6,1,1,1.575,1.35
"C",1.58666666666667,0,1.65,1.24444444444444,1.9,1.71428571428571,1.68888888888889,2.28,1.58666666666667,1.58666666666667,2.11111111111111,1.21904761904762,1.77333333333333,1.71428571428571,1.65,2.1,1.28,1.58666666666667,1.75,2.16666666666667
"D",1.35,1.65,0,0.5,1.890625,1.60714285714286,1,2.2,1.35,1.75,2.0625,0.75,1.2375,1.28571428571429,1.265625,1.40625,1.35,1.75,1.6328125,1.5625
"E",1.4,1.24444444444444,0.5,0,2.0625,1.71428571428571,1.26388888888889,2.4,0.666666666666667,1.4,1.77777777777778,1.33333333333333,1,0.476190476190476,1.3125,1,1.4,1.86666666666667,1.23958333333333,1.3125
"F",1.75,1.9,1.890625,2.0625,0,1.96428571428571,1.71875,0.7,1.35,0.45,1,1.28571428571429,2.1,2.35714285714286,1.265625,1.40625,1.35,0.7,0.8203125,0.390625
"G",1,1.71428571428571,1.60714285714286,1.71428571428571,1.96428571428571,0,1.5,2.28571428571429,1.37142857142857,2.28571428571429,1.33333333333333,0.73469387755102,1.54285714285714,1.6530612244898,1.60714285714286,0.642857142857143,1.8,2.28571428571429,1.21428571428571,1.60714285714286
"H",1.63333333333333,1.68888888888889,1,1.26388888888889,1.71875,1.5,0,2,1.63333333333333,1.63333333333333,0.763888888888889,0.785714285714286,1.19166666666667,1.23809523809524,1.21875,1.35416666666667,1.63333333333333,2.4,1.66666666666667,1
"I",1.44,2.28,2.2,2.4,0.7,2.28571428571429,2,0,1.96,0.36,0.666666666666667,1.37142857142857,1.32,1.8,2.2,2.1,1.44,0.04,1.275,1
"K",1,1.58666666666667,1.35,0.666666666666667,1.35,1.37142857142857,1.63333333333333,1.96,0,1.96,1,1,1,1,0.45,1,1,1.96,1,1.35
"L",1.96,1.58666666666667,1.75,1.4,0.45,2.28571428571429,1.63333333333333,0.36,1.96,0,0.2,1.8,2.08,1.8,1.75,2.1,1,0.36,1,1
"M",1,2.11111111111111,2.0625,1.77777777777778,1,1.33333333333333,0.763888888888889,0.666666666666667,1,0.2,0,1.33333333333333,1.95,1.33333333333333,1,1.45833333333333,1,0.666666666666667,0.78125,1
"N",1.37142857142857,1.21904761904762,0.75,1.33333333333333,1.28571428571429,0.73469387755102,0.785714285714286,1.37142857142857,1,1.8,1.33333333333333,0,1.54285714285714,0.73469387755102,1.28571428571429,1,1,1.8,1.44642857142857,1.60714285714286
"P",1.68,1.77333333333333,1.2375,1,2.1,1.54285714285714,1.19166666666667,1.32,1,2.08,1.95,1.54285714285714,0,1,1.5,1.8,1,2.08,1.75,1.7875
"Q",1,1.71428571428571,1.28571428571429,0.476190476190476,2.35714285714286,1.6530612244898,1.23809523809524,1.8,1,1.8,1.33333333333333,0.73469387755102,1,0,0.535714285714286,1,1,2.28571428571429,1.21428571428571,1
"R",1.35,1.65,1.265625,1.3125,1.265625,1.60714285714286,1.21875,2.2,0.45,1.75,1,1.28571428571429,1.5,0.535714285714286,0,1.40625,1.75,1.35,1,1
"S",0.6,2.1,1.40625,1,1.40625,0.642857142857143,1.35416666666667,2.1,1,2.1,1.45833333333333,1,1.8,1,1.40625,0,0.3,1.5,1.6875,1.40625
"T",1,1.28,1.35,1.4,1.35,1.8,1.63333333333333,1.44,1,1,1,1,1,1,1.75,0.3,0,0.64,1.575,1.75
"V",1,1.58666666666667,1.75,1.86666666666667,0.7,2.28571428571429,2.4,0.04,1.96,0.36,0.666666666666667,1.8,2.08,2.28571428571429,1.35,1.5,0.64,0,1.575,1
"W",1.575,1.75,1.6328125,1.23958333333333,0.8203125,1.21428571428571,1.66666666666667,1.275,1,1,0.78125,1.44642857142857,1.75,1.21428571428571,1,1.6875,1.575,1.575,0,0.5078125
"Y",1.35,2.16666666666667,1.5625,1.3125,0.390625,1.60714285714286,1,1,1.35,1,1,1.60714285714286,1.7875,1,1,1.40625,1.75,1,0.5078125,0
