"","A","C","D","E","F","G","H","I","K","L","M","N","P","Q","R","S","T","V","W","Y"
"A",0,1.3,1.8,1.4,1.75,1,1.68,1.44,1.44,1.44,1.4,1.4,1.33333333333333,1.4,1.8,0.6,1,1,1.58666666666667,1.75
"C",1.3,0,1.78571428571429,1.875,1.45833333333333,1.78571428571429,1.625,2,2,1.63333333333333,1.55555555555556,1.55555555555556,1.92592592592593,1.875,1.78571428571429,1.35416666666667,1.3,1.3,1.88888888888889,1.71875
"D",1.8,1.78571428571429,0,0.476190476190476,2.35714285714286,1.30612244897959,1,2.82857142857143,1,2.28571428571429,2.14285714285714,0.476190476190476,1.26984126984127,1,1.30612244897959,1,1.37142857142857,2.28571428571429,1.99047619047619,1.60714285714286
"E",1.4,1.875,0.476190476190476,0,2.0625,1.71428571428571,1,2.4,0.666666666666667,1.86666666666667,1.77777777777778,1,1,0.444444444444444,1,1,1.4,2.4,1.8,1.66666666666667
"F",1.75,1.45833333333333,2.35714285714286,2.0625,0,1.96428571428571,1.5,1,2.2,0.7,1,1.66666666666667,1.83333333333333,2.5,1.60714285714286,1.875,1.35,1,0.816666666666667,0.390625
"G",1,1.78571428571429,1.30612244897959,1.71428571428571,1.96428571428571,0,1.54285714285714,2.82857142857143,1.8,2.28571428571429,1.71428571428571,1,1.57142857142857,1.71428571428571,1.6530612244898,1,1.8,2.28571428571429,1.45714285714286,1.96428571428571
"H",1.68,1.625,1,1,1.5,1.54285714285714,0,2.08,1.32,1.68,1,0.75,1.46666666666667,0.75,1,1.375,1.68,2.08,1.56,0.6
"I",1.44,2,2.82857142857143,2.4,1,2.82857142857143,2.08,0,2.56,0.36,0.4,1.86666666666667,1.71111111111111,1.86666666666667,2.28571428571429,2.1,1.44,0.16,1.58666666666667,1
"K",1.44,2,1,0.666666666666667,2.2,1.8,1.32,2.56,0,2.56,1.4,1,1.33333333333333,0.666666666666667,0.228571428571429,1.5,1.44,1.96,1.58666666666667,1.35
"L",1.44,1.63333333333333,2.28571428571429,1.86666666666667,0.7,2.28571428571429,1.68,0.36,2.56,0,0.4,2.4,2.13333333333333,1.86666666666667,1.8,2.8,1.44,0.64,1.58666666666667,1
"M",1.4,1.55555555555556,2.14285714285714,1.77777777777778,1,1.71428571428571,1,0.4,1.4,0.4,0,1.77777777777778,1.62962962962963,1,1.33333333333333,2,1.4,0.666666666666667,1.51111111111111,1
"N",1.4,1.55555555555556,0.476190476190476,1,1.66666666666667,1,0.75,1.86666666666667,1,2.4,1.77777777777778,0,1.62962962962963,1,1,0.625,1,2.4,2.11111111111111,1.66666666666667
"P",1.33333333333333,1.92592592592593,1.26984126984127,1,1.83333333333333,1.57142857142857,1.46666666666667,1.71111111111111,1.33333333333333,2.13333333333333,1.62962962962963,1.62962962962963,0,1.2962962962963,1.57142857142857,1.38888888888889,1.33333333333333,2.13333333333333,1.6,1.83333333333333
"Q",1.4,1.875,1,0.444444444444444,2.5,1.71428571428571,0.75,1.86666666666667,0.666666666666667,1.86666666666667,1,1,1.2962962962963,0,0.714285714285714,1,1.4,2.4,1.51111111111111,1.3125
"R",1.8,1.78571428571429,1.30612244897959,1,1.60714285714286,1.6530612244898,1,2.28571428571429,0.228571428571429,1.8,1.33333333333333,1,1.57142857142857,0.714285714285714,0,1.42857142857143,1.37142857142857,1.8,1.45714285714286,1.28571428571429
"S",0.6,1.35416666666667,1,1,1.875,1,1.375,2.1,1.5,2.8,2,0.625,1.38888888888889,1,1.42857142857143,0,0.3,1.5,2.53333333333333,1.875
"T",1,1.3,1.37142857142857,1.4,1.35,1.8,1.68,1.44,1.44,1.44,1.4,1,1.33333333333333,1.4,1.37142857142857,0.3,0,1,1.92,1.35
"V",1,1.3,2.28571428571429,2.4,1,2.28571428571429,2.08,0.16,1.96,0.64,0.666666666666667,2.4,2.13333333333333,2.4,1.8,1.5,1,0,1.92,1.35
"W",1.58666666666667,1.88888888888889,1.99047619047619,1.8,0.816666666666667,1.45714285714286,1.56,1.58666666666667,1.58666666666667,1.58666666666667,1.51111111111111,2.11111111111111,1.6,1.51111111111111,1.45714285714286,2.53333333333333,1.92,1.92,0,0.5
"Y",1.75,1.71875,1.60714285714286,1.66666666666667,0.390625,1.96428571428571,0.6,1,1.35,1,1,1.66666666666667,1.83333333333333,1.3125,1.28571428571429,1.875,1.35,1.35,0.5,0
