"","A","C","D","E","F","G","H","I","K","L","M","N","P","Q","R","S","T","V","W","Y"
"A",0,2.44444444444444,1,1,3.57142857142857,0.375,2.66666666666667,1.8,3,2.8,1.71428571428571,1,0.4,1.8,2.66666666666667,0.25,0.333333333333333,1,4.95833333333333,3.4375
"C",2.44444444444444,0,3.5,3.5,2.66666666666667,2.33333333333333,2,1.71111111111111,3.5,3.66666666666667,2.66666666666667,3.37037037037037,2.13333333333333,3.11111111111111,2,1,2.03703703703704,1.83333333333333,2.81481481481481,1
"D",1,3.5,0,0.0625,4.64285714285714,1,1,2.8,1,3.6,2.5,0.166666666666667,2.1,0.6,2,1,1.66666666666667,3.0625,3.75,3
"E",1,3.5,0.0625,0,3.85714285714286,1,1,2.1,1.5625,2.8,1.92857142857143,0.5,1.5,0.3,2,1,1.66666666666667,2.25,4.35416666666667,3
"F",3.57142857142857,2.66666666666667,4.64285714285714,3.85714285714286,0,3.14285714285714,1.71428571428571,1,3.85714285714286,0.685714285714286,1,2.85714285714286,2.82857142857143,3.42857142857143,2.61904761904762,3.57142857142857,2.85714285714286,1.92857142857143,1.23809523809524,0.107142857142857
"G",0.375,2.33333333333333,1,1,3.14285714285714,0,2.625,2.8,2.25,3.6,2.5,1,1.5,2.1,2.625,0.375,1.66666666666667,2.25,4.35416666666667,3.65625
"H",2.66666666666667,2,1,1,1.71428571428571,2.625,0,2.4,1.45833333333333,1.86666666666667,2.14285714285714,0.222222222222222,1.4,0.4,0.694444444444445,1.75,2.22222222222222,2,1.875,1
"I",1.8,1.71111111111111,2.8,2.1,1,2.8,2.4,0,2.1,0.36,0.428571428571429,2.33333333333333,1.96,1.96,1.86666666666667,2.8,1,0.1,2.83333333333333,1.75
"K",3,3.5,1,1.5625,3.85714285714286,2.25,1.45833333333333,2.1,0,2.8,1,0.5,2.1,1,0.125,1.875,1,3.0625,2.66666666666667,3
"L",2.8,3.66666666666667,3.6,2.8,0.685714285714286,3.6,1.86666666666667,0.36,2.8,0,0.228571428571429,3.2,2.56,1.96,2.4,4,2.33333333333333,0.6,1.63333333333333,1.75
"M",1.71428571428571,2.66666666666667,2.5,1.92857142857143,1,2.5,2.14285714285714,0.428571428571429,1,0.228571428571429,0,2.14285714285714,1.8,1.37142857142857,1.33333333333333,2.57142857142857,1.52380952380952,0.642857142857143,2.0952380952381,1.96428571428571
"N",1,3.37037037037037,0.166666666666667,0.5,2.85714285714286,1,0.222222222222222,2.33333333333333,0.5,3.2,2.14285714285714,0,1.6,1,1.55555555555556,0.333333333333333,1,2.5,3.11111111111111,2.08333333333333
"P",0.4,2.13333333333333,2.1,1.5,2.82857142857143,1.5,1.4,1.96,2.1,2.56,1.8,1.6,0,1,1.4,0.4,1,2.1,2.83333333333333,3.25
"Q",1.8,3.11111111111111,0.6,0.3,3.42857142857143,2.1,0.4,1.96,1,1.96,1.37142857142857,1,1,0,0.666666666666667,1.8,1.6,2.1,2.83333333333333,2.7
"R",2.66666666666667,2,2,2,2.61904761904762,2.625,0.694444444444445,1.86666666666667,0.125,2.4,1.33333333333333,1.55555555555556,1.4,0.666666666666667,0,1.75,1.55555555555556,2.625,0.763888888888889,2.5
"S",0.25,1,1,1,3.57142857142857,0.375,1.75,2.8,1.875,4,2.57142857142857,0.333333333333333,0.4,1.8,1.75,0,0.333333333333333,1.875,2.33333333333333,3.4375
"T",0.333333333333333,2.03703703703704,1.66666666666667,1.66666666666667,2.85714285714286,1.66666666666667,2.22222222222222,1,1,2.33333333333333,1.52380952380952,1,1,1.6,1.55555555555556,0.333333333333333,0,1,3.77777777777778,2.75
"V",1,1.83333333333333,3.0625,2.25,1.92857142857143,2.25,2,0.1,3.0625,0.6,0.642857142857143,2.5,2.1,2.1,2.625,1.875,1,0,3.75,2.40625
"W",4.95833333333333,2.81481481481481,3.75,4.35416666666667,1.23809523809524,4.35416666666667,1.875,2.83333333333333,2.66666666666667,1.63333333333333,2.0952380952381,3.11111111111111,2.83333333333333,2.83333333333333,0.763888888888889,2.33333333333333,3.77777777777778,3.75,0,1.21875
"Y",3.4375,1,3,3,0.107142857142857,3.65625,1,1.75,3,1.75,1.96428571428571,2.08333333333333,3.25,2.7,2.5,3.4375,2.75,2.40625,1.21875,0
