"","A","C","D","E","F","G","H","I","K","L","M","N","P","Q","R","S","T","V","W","Y"
"A",0,2.03703703703704,1,1,3.66666666666667,0.533333333333333,2.22222222222222,1.6,2.33333333333333,2.33333333333333,2.14285714285714,1,0.555555555555556,1.6,2.22222222222222,0.444444444444444,0.5,1,4.5,3.5
"C",2.03703703703704,0,4.16666666666667,4.16666666666667,2.66666666666667,2.6,2.40740740740741,2.13333333333333,3.66666666666667,4.26666666666667,3.0952380952381,3.37037037037037,2,3.66666666666667,2.40740740740741,1,2.33333333333333,1.71111111111111,3.14814814814815,1.25
"D",1,4.16666666666667,0,0.0625,4.64285714285714,1,1,2.8,1.5,4.5,3.14285714285714,0.166666666666667,2,0.6,2.625,1,1.5625,2.8,4.35416666666667,3.65625
"E",1,4.16666666666667,0.0625,0,4.64285714285714,1.5,1,2.1,1.5,3.6,2.5,0.5,1.45833333333333,0.3,2,1.66666666666667,1.5625,2.1,5,3
"F",3.66666666666667,2.66666666666667,4.64285714285714,4.64285714285714,0,3.42857142857143,1.71428571428571,1,4.08571428571429,0.685714285714286,1.30612244897959,3.66666666666667,3.14285714285714,3.42857142857143,3.14285714285714,2.85714285714286,3.14285714285714,1.8,1.23809523809524,0.214285714285714
"G",0.533333333333333,2.6,1,1.5,3.42857142857143,0,2.4,3.24,2.56,4,2.28571428571429,1,1.4,1.96,3,0.533333333333333,1.5,1.96,3.8,3.85
"H",2.22222222222222,2.40740740740741,1,1,1.71428571428571,2.4,0,2.4,1.4,1.86666666666667,2.14285714285714,0.222222222222222,1.36111111111111,0.2,0.694444444444445,1.55555555555556,2,2.4,1.875,1
"I",1.6,2.13333333333333,2.8,2.1,1,3.24,2.4,0,1.96,0.64,0.428571428571429,2.33333333333333,2.4,2.56,1.86666666666667,2.33333333333333,1,0.16,3.3,1.75
"K",2.33333333333333,3.66666666666667,1.5,1.5,4.08571428571429,2.56,1.4,1.96,0,2.56,1,0.533333333333333,1.86666666666667,1,0.2,1.6,1,2.56,2.4,3.25
"L",2.33333333333333,4.26666666666667,4.5,3.6,0.685714285714286,4,1.86666666666667,0.64,2.56,0,0.228571428571429,3.2,2.4,1.96,3,3.2,2.1,0.64,1.63333333333333,1.75
"M",2.14285714285714,3.0952380952381,3.14285714285714,2.5,1.30612244897959,2.28571428571429,2.14285714285714,0.428571428571429,1,0.228571428571429,0,2.14285714285714,2.14285714285714,1.37142857142857,1.33333333333333,2.14285714285714,1.42857142857143,0.685714285714286,2.42857142857143,2.35714285714286
"N",1,3.37037037037037,0.166666666666667,0.5,3.66666666666667,1,0.222222222222222,2.33333333333333,0.533333333333333,3.2,2.14285714285714,0,1.55555555555556,1,1.55555555555556,0.444444444444444,1,2.33333333333333,3.11111111111111,2.08333333333333
"P",0.555555555555556,2,2,1.45833333333333,3.14285714285714,1.4,1.36111111111111,2.4,1.86666666666667,2.4,2.14285714285714,1.55555555555556,0,1,1.36111111111111,0.555555555555556,1,1.86666666666667,3,3.5
"Q",1.6,3.66666666666667,0.6,0.3,3.42857142857143,1.96,0.2,2.56,1,1.96,1.37142857142857,1,1,0,0.666666666666667,1.6,2.1,1.96,2.83333333333333,3.25
"R",2.22222222222222,2.40740740740741,2.625,2,3.14285714285714,3,0.694444444444445,1.86666666666667,0.2,3,1.33333333333333,1.55555555555556,1.36111111111111,0.666666666666667,0,1.55555555555556,2,2.4,0.763888888888889,2.97916666666667
"S",0.444444444444444,1,1,1.66666666666667,2.85714285714286,0.533333333333333,1.55555555555556,2.33333333333333,1.6,3.2,2.14285714285714,0.444444444444444,0.555555555555556,1.6,1.55555555555556,0,0.166666666666667,2.33333333333333,1.94444444444444,2.75
"T",0.5,2.33333333333333,1.5625,1.5625,3.14285714285714,1.5,2,1,1,2.1,1.42857142857143,1,1,2.1,2,0.166666666666667,0,1,3.1875,2.40625
"V",1,1.71111111111111,2.8,2.1,1.8,1.96,2.4,0.16,2.56,0.64,0.685714285714286,2.33333333333333,1.86666666666667,1.96,2.4,2.33333333333333,1,0,3.8,2.2
"W",4.5,3.14814814814815,4.35416666666667,5,1.23809523809524,3.8,1.875,3.3,2.4,1.63333333333333,2.42857142857143,3.11111111111111,3,2.83333333333333,0.763888888888889,1.94444444444444,3.1875,3.8,0,1.21875
"Y",3.5,1.25,3.65625,3,0.214285714285714,3.85,1,1.75,3.25,1.75,2.35714285714286,2.08333333333333,3.5,3.25,2.97916666666667,2.75,2.40625,2.2,1.21875,0
