"","A","C","D","E","F","G","H","I","K","L","M","N","P","Q","R","S","T","V","W","Y"
"A",0,4.85714285714286,3.25,2.78571428571429,6.33333333333333,2.46938775510204,5.4,4.04761904761905,5.89795918367347,5.22448979591837,3.57142857142857,3.55555555555556,2.35714285714286,3.55555555555556,5.12698412698413,2.04081632653061,1.96428571428571,2.78571428571429,9.79120879120879,5.4
"C",4.85714285714286,0,11.2375,10.5,9.02222222222222,6.57142857142857,4,3.8,11.5714285714286,12.4,8,7.8,4.9875,9.66666666666667,4.66666666666667,2.97142857142857,4.9875,4.0375,8.61538461538461,2.89
"D",3.25,11.2375,0,1,12.0833333333333,3.25,3.1875,5.27777777777778,4.28571428571429,12.5357142857143,7.55208333333333,1.25,6.25,2.91666666666667,9.02777777777778,3.75,4,5.640625,9.48076923076923,8.4375
"E",2.78571428571429,10.5,1,0,11.2777777777778,3.75,4.0375,3.77777777777778,3.75,7.5,4.125,2.52777777777778,4.515625,1.25,7.66666666666667,3.75,4.515625,5.0625,10.7307692307692,4.9875
"F",6.33333333333333,9.02222222222222,12.0833333333333,11.2777777777778,0,6.33333333333333,3.8,2.41975308641975,12.4285714285714,2.66666666666667,2.81481481481481,5.44444444444444,6.41666666666667,9.67901234567901,5.44444444444444,4.57142857142857,5.83333333333333,5.83333333333333,2.73504273504274,1.22222222222222
"G",2.46938775510204,6.57142857142857,3.25,3.75,6.33333333333333,0,6.57142857142857,9.90476190476191,5.89795918367347,9,5.42857142857143,3.0952380952381,5.46428571428571,5.12698412698413,6.98412698412698,2.46938775510204,5.46428571428571,4.85714285714286,10.4615384615385,11.5714285714286
"H",5.4,4,3.1875,4.0375,3.8,6.57142857142857,0,5.62222222222222,4.85714285714286,4.34285714285714,6.525,1.46666666666667,3.1875,1.46666666666667,2.02222222222222,4.34285714285714,4.9875,4.0375,3.53846153846154,2.56
"I",4.04761904761905,3.8,5.27777777777778,3.77777777777778,2.41975308641975,9.9047619047619,5.62222222222222,0,4.57142857142857,2.26984126984127,1.66666666666667,3.5679012345679,5.83333333333333,4.93827160493827,3.5679012345679,5.12698412698413,2.52777777777778,1.25,8.17948717948718,3.8
"K",5.89795918367347,11.5714285714286,4.28571428571429,3.75,12.4285714285714,5.89795918367347,4.85714285714286,4.57142857142857,0,6.61224489795918,2.0952380952381,2.26984126984127,5.46428571428571,3.0952380952381,1.57142857142857,4,3.25,7.5,8.51648351648352,5.97142857142857
"L",5.22448979591837,12.4,12.5357142857143,7.5,2.66666666666667,9,4.34285714285714,2.26984126984127,6.61224489795918,0,1.5,5.12698412698413,5.46428571428571,4.04761904761905,6.33333333333333,7.36734693877551,5.46428571428571,2.78571428571429,3.86813186813187,4.85714285714286
"M",3.57142857142857,8,7.55208333333333,4.125,2.81481481481481,5.42857142857143,6.525,1.66666666666667,2.0952380952381,1.5,0,6,4.55208333333333,2.81481481481481,2.81481481481481,3.57142857142857,2.96875,2,6.35897435897436,6.525
"N",3.55555555555556,7.8,1.25,2.52777777777778,5.44444444444444,3.0952380952381,1.46666666666667,3.5679012345679,2.26984126984127,5.12698412698413,6,0,4.25,3.16049382716049,4,1.57142857142857,2.52777777777778,5.83333333333333,4.1025641025641,3.02222222222222
"P",2.35714285714286,4.9875,6.25,4.515625,6.41666666666667,5.46428571428571,3.1875,5.83333333333333,5.46428571428571,5.46428571428571,4.55208333333333,4.25,0,2.91666666666667,3.33333333333333,2.35714285714286,3.515625,4.515625,8.88461538461539,10.5
"Q",3.55555555555556,9.66666666666667,2.91666666666667,1.25,9.67901234567901,5.12698412698413,1.46666666666667,4.93827160493827,3.0952380952381,4.04761904761905,2.81481481481481,3.16049382716049,2.91666666666667,0,2.08641975308642,4.04761904761905,4.25,4.75,7.65811965811966,8.4
"R",5.12698412698413,4.66666666666667,9.02777777777778,7.66666666666667,5.44444444444444,6.98412698412698,2.02222222222222,3.5679012345679,1.57142857142857,6.33333333333333,2.81481481481481,4,3.33333333333333,2.08641975308642,0,3.0952380952381,4.75,5.27777777777778,2.15384615384615,6.13333333333333
"S",2.04081632653061,2.97142857142857,3.75,3.75,4.57142857142857,2.46938775510204,4.34285714285714,5.12698412698413,4,7.36734693877551,3.57142857142857,1.57142857142857,2.35714285714286,4.04761904761905,3.0952380952381,0,1.60714285714286,5.46428571428571,3.46153846153846,4.85714285714286
"T",1.96428571428571,4.9875,4,4.515625,5.83333333333333,5.46428571428571,4.9875,2.52777777777778,3.25,5.46428571428571,2.96875,2.52777777777778,3.515625,4.25,4.75,1.60714285714286,0,3.0625,8.30769230769231,4.0375
"V",2.78571428571429,4.0375,5.640625,5.0625,5.83333333333333,4.85714285714286,4.0375,1.25,7.5,2.78571428571429,2,5.83333333333333,4.515625,4.75,5.27777777777778,5.46428571428571,3.0625,0,10.0961538461538,4.5
"W",9.79120879120879,8.61538461538462,9.48076923076923,10.7307692307692,2.73504273504274,10.4615384615385,3.53846153846154,8.17948717948718,8.51648351648352,3.86813186813187,6.35897435897436,4.1025641025641,8.88461538461539,7.65811965811966,2.15384615384615,3.46153846153846,8.30769230769231,10.0961538461538,0,2.90769230769231
"Y",5.4,2.89,8.4375,4.9875,1.22222222222222,11.5714285714286,2.56,3.8,5.97142857142857,4.85714285714286,6.525,3.02222222222222,10.5,8.4,6.13333333333333,4.85714285714286,4.0375,4.5,2.90769230769231,0
