"","A","C","D","E","F","G","H","I","K","L","M","N","P","Q","R","S","T","V","W","Y"
"A",0,2.46153846153846,1,1,4,0.555555555555556,2.66666666666667,1.52380952380952,2.22222222222222,2.85714285714286,2,1,0.583333333333333,1.55555555555556,2.75,0.111111111111111,0.2,1,5.2962962962963,3.77777777777778
"C",2.46153846153846,0,3.33333333333333,3.76923076923077,2.33846153846154,2.53846153846154,2.15384615384615,1.75824175824176,3.76923076923077,3.86813186813187,2.61538461538462,3.11538461538462,1.96153846153846,3.76923076923077,2.25,1,1.96923076923077,1.84615384615385,2.75213675213675,1
"D",1,3.33333333333333,0,0.0277777777777778,4.2,1,1,2.61904761904762,1.36111111111111,3.71428571428571,2.33333333333333,0.125,1.66666666666667,0.444444444444444,2.0625,1,1.4,2.77777777777778,3.75,3
"E",1,3.76923076923077,0.0277777777777778,0,4.2,1,1,2.14285714285714,1.36111111111111,3.14285714285714,1.95,0.333333333333333,1.3125,0.25,1.66666666666667,1.55555555555556,1.4,2.25,4.14814814814815,3
"F",4,2.33846153846154,4.2,4.2,0,3.2,1.73333333333333,0.771428571428571,4.2,0.771428571428571,1,3.375,2.8,3.68333333333333,2.8,3.26666666666667,3,1.6,1.16111111111111,0.125
"G",0.555555555555556,2.53846153846154,1,1,3.2,0,2.40740740740741,2.61904761904762,2.25,3.71428571428571,2.33333333333333,1,1.66666666666667,1.77777777777778,2.5,0.555555555555556,1.4,1.77777777777778,3.75,3.43055555555556
"H",2.66666666666667,2.15384615384615,1,1,1.73333333333333,2.40740740740741,0,2.26984126984127,1.2962962962963,1.9047619047619,2.02222222222222,0.388888888888889,1.25,0.185185185185185,0.583333333333333,2.03703703703704,1.71111111111111,2,1.76543209876543,1
"I",1.52380952380952,1.75824175824176,2.61904761904762,2.14285714285714,0.771428571428571,2.61904761904762,2.26984126984127,0,2.14285714285714,0.510204081632653,0.571428571428571,2.5,1.96428571428571,2.14285714285714,1.96428571428571,2.14285714285714,1,0.0476190476190476,2.77777777777778,1.5
"K",2.22222222222222,3.76923076923077,1.36111111111111,1.36111111111111,4.2,2.25,1.2962962962963,2.14285714285714,0,2.61904761904762,0.75,0.625,1.66666666666667,1,0.166666666666667,1.55555555555556,1,2.77777777777778,2.34259259259259,3
"L",2.85714285714286,3.86813186813187,3.71428571428571,3.14285714285714,0.771428571428571,3.71428571428571,1.9047619047619,0.510204081632653,2.61904761904762,0,0.257142857142857,3.14285714285714,2.35714285714286,1.71428571428571,2.35714285714286,3.66666666666667,2.28571428571429,0.476190476190476,1.66666666666667,1.5
"M",2,2.61538461538462,2.33333333333333,1.95,1,2.33333333333333,2.02222222222222,0.571428571428571,0.75,0.257142857142857,0,2.275,1.7875,1.28333333333333,1.2375,2,1.32,0.533333333333333,2.13333333333333,1.86666666666667
"N",1,3.11538461538462,0.125,0.333333333333333,3.375,1,0.388888888888889,2.5,0.625,3.14285714285714,2.275,0,1.40625,1,1.40625,0.5,1,2.625,2.875,2.1875
"P",0.583333333333333,1.96153846153846,1.66666666666667,1.3125,2.8,1.66666666666667,1.25,1.96428571428571,1.66666666666667,2.35714285714286,1.7875,1.40625,0,1,1.265625,0.583333333333333,1,1.66666666666667,2.88888888888889,2.96875
"Q",1.55555555555556,3.76923076923077,0.444444444444444,0.25,3.68333333333333,1.77777777777778,0.185185185185185,2.14285714285714,1,1.71428571428571,1.28333333333333,1,1,0,0.729166666666667,1.55555555555556,1.86666666666667,2.25,3.00925925925926,3
"R",2.75,2.25,2.0625,1.66666666666667,2.8,2.5,0.583333333333333,1.96428571428571,0.166666666666667,2.35714285714286,1.2375,1.40625,1.265625,0.729166666666667,0,1.5,1.75,2.5,0.666666666666667,2.625
"S",0.111111111111111,1,1,1.55555555555556,3.26666666666667,0.555555555555556,2.03703703703704,2.14285714285714,1.55555555555556,3.66666666666667,2,0.5,0.583333333333333,1.55555555555556,1.5,0,0.2,2.22222222222222,2.33333333333333,3.11111111111111
"T",0.2,1.96923076923077,1.4,1.4,3,1.4,1.71111111111111,1,1,2.28571428571429,1.32,1,1,1.86666666666667,1.75,0.2,0,1,3.33333333333333,2.4
"V",1,1.84615384615385,2.77777777777778,2.25,1.6,1.77777777777778,2,0.0476190476190476,2.77777777777778,0.476190476190476,0.533333333333333,2.625,1.66666666666667,2.25,2.5,2.22222222222222,1,0,3.75,2.22222222222222
"W",5.2962962962963,2.75213675213675,3.75,4.14814814814815,1.16111111111111,3.75,1.76543209876543,2.77777777777778,2.34259259259259,1.66666666666667,2.13333333333333,2.875,2.88888888888889,3.00925925925926,0.666666666666667,2.33333333333333,3.33333333333333,3.75,0,1.14351851851852
"Y",3.77777777777778,1,3,3,0.125,3.43055555555556,1,1.5,3,1.5,1.86666666666667,2.1875,2.96875,3,2.625,3.11111111111111,2.4,2.22222222222222,1.14351851851852,0
