"","A","C","D","E","F","G","H","I","K","L","M","N","P","Q","R","S","T","V","W","Y"
"A",0,2.25,1,1,4,0,2.5,1.8,1.75,2.5,1.6875,1,0.428571428571429,1,2.5,0.25,0.333333333333333,1,5.8695652173913,3.92307692307692
"C",2.25,0,3.025,3.025,1.859375,2.08333333333333,1.875,1.9,3.11458333333333,2.6953125,2.40625,3.75,1.69642857142857,3.45,2.1328125,1,2.375,1.575,2.33152173913043,0.865384615384615
"D",1,3.025,0,0.04,3.8,0.666666666666667,0.7,2.56,1,3.25,2.2,0,1.37142857142857,0.36,1.35,1,1,2.56,3.50434782608696,2.76923076923077
"E",1,3.025,0.04,0,3.8,1,0.7,1.96,1,2.7,2.2,0,1.37142857142857,0.16,1.35,1,1,1.96,3.89565217391304,2.76923076923077
"F",4,1.859375,3.8,3.8,0,3,1.45833333333333,0.733333333333333,3,0.625,1,4,2.78571428571429,3.3,2.30208333333333,4,3.11111111111111,1.3,0.876811594202899,0.0769230769230769
"G",0,2.08333333333333,0.666666666666667,1,3,0,1.66666666666667,2.4,1.77777777777778,2.97916666666667,2.0625,0.416666666666667,1,1.4,2.0625,0.416666666666667,1,1.86666666666667,3.47826086956522,2.92307692307692
"H",2.5,1.875,0.7,0.7,1.45833333333333,1.66666666666667,0,2.2,1,1.890625,1.890625,0,1,0.1,0.5625,1.6875,1.5,2.2,1.55434782608696,1
"I",1.8,1.9,2.56,1.96,0.733333333333333,2.4,2.2,0,1.86666666666667,0.25,0.25,2.8,1.8,1.96,1.75,2.8,1,0,2.77391304347826,1.29230769230769
"K",1.75,3.11458333333333,1,1,3,1.77777777777778,1,1.86666666666667,0,2.0625,1,0.416666666666667,1.33333333333333,0.666666666666667,0.166666666666667,1,1,2.4,1.95652173913043,2.53846153846154
"L",2.5,2.6953125,3.25,2.7,0.625,2.97916666666667,1.890625,0.25,2.0625,0,0.140625,3.4375,1.96428571428571,1.75,2.25,3.4375,2.08333333333333,0.45,1.35869565217391,1.21153846153846
"M",1.6875,2.40625,2.2,2.2,1,2.0625,1.890625,0.25,1,0.140625,0,2.5,1.60714285714286,1.35,1.265625,2.5,1.5,0.45,1.97826086956522,1.69230769230769
"N",1,3.75,0,0,4,0.416666666666667,0,2.8,0.416666666666667,3.4375,2.5,0,1,0.4,1,0.25,0.333333333333333,2.8,4.26086956521739,3.07692307692308
"P",0.428571428571429,1.69642857142857,1.37142857142857,1.37142857142857,2.78571428571429,1,1,1.8,1.33333333333333,1.96428571428571,1.60714285714286,1,0,1,1,0.428571428571429,1,1.37142857142857,2.60869565217391,2.71428571428571
"Q",1,3.45,0.36,0.16,3.3,1.4,0.1,1.96,0.666666666666667,1.75,1.35,0.4,1,0,0.45,1.8,1.6,1.96,2.77391304347826,2.76923076923077
"R",2.5,2.1328125,1.35,1.35,2.30208333333333,2.0625,0.5625,1.75,0.166666666666667,2.25,1.265625,1,1,0.45,0,1,1.5,2.2,0.543478260869565,2.25
"S",0.25,1,1,1,4,0.416666666666667,1.6875,2.8,1,3.4375,2.5,0.25,0.428571428571429,1.8,1,0,0,1.8,2.82608695652174,3.92307692307692
"T",0.333333333333333,2.375,1,1,3.11111111111111,1,1.5,1,1,2.08333333333333,1.5,0.333333333333333,1,1.6,1.5,0,0,1,3.78260869565217,2.46153846153846
"V",1,1.575,2.56,1.96,1.3,1.86666666666667,2.2,0,2.4,0.45,0.45,2.8,1.37142857142857,1.96,2.2,1.8,1,0,3.50434782608696,1.96923076923077
"W",5.8695652173913,2.33152173913043,3.50434782608696,3.89565217391304,0.876811594202899,3.47826086956522,1.55434782608696,2.77391304347826,1.95652173913043,1.35869565217391,1.97826086956522,4.26086956521739,2.60869565217391,2.77391304347826,0.543478260869565,2.82608695652174,3.78260869565217,3.50434782608696,0,1
"Y",3.92307692307692,0.865384615384615,2.76923076923077,2.76923076923077,0.0769230769230769,2.92307692307692,1,1.29230769230769,2.53846153846154,1.21153846153846,1.69230769230769,3.07692307692308,2.71428571428571,2.76923076923077,2.25,3.92307692307692,2.46153846153846,1.96923076923077,1,0
