"","A","C","D","E","F","G","H","I","K","L","M","N","P","Q","R","S","T","V","W","Y"
"A",0,2.5,1,1,3.26666666666667,0.555555555555556,2.08333333333333,1.55555555555556,2.22222222222222,2.14285714285714,2.08333333333333,1,0.571428571428571,1.6,2.14285714285714,0.333333333333333,0.5,1,4.62962962962963,3.18181818181818
"C",2.5,0,3.3,3.8,2.4,2.22222222222222,2,1.875,3.43055555555556,3.16666666666667,2.625,3.77777777777778,2.0952380952381,3.8,2.0952380952381,1,2.1875,1.63333333333333,2.625,1
"D",1,3.3,0,0.04,4.08,1,1,2.4,1,3.42857142857143,2.7,0,1.8,0.36,1.8,1,1,2.56,3.75555555555556,2.90909090909091
"E",1,3.8,0.04,0,4.08,1,1,2.4,1,2.82857142857143,2.2,0.2,1.37142857142857,0.16,1.8,1,1.5,1.96,4.2,2.90909090909091
"F",3.26666666666667,2.4,4.08,4.08,0,3.2,1.5,0.75,3.68333333333333,0.571428571428571,1,3.26666666666667,2.97142857142857,3.52,2.57142857142857,4.2,2.8,1.68,1,0.109090909090909
"G",0.555555555555556,2.22222222222222,1,1,3.2,0,2.0625,2.25,1.77777777777778,3.14285714285714,2.5,1,1.33333333333333,1.86666666666667,2.61904761904762,0.416666666666667,1,1.86666666666667,3.37037037037037,3.09090909090909
"H",2.08333333333333,2,1,1,1.5,2.0625,0,2.0625,1.3125,1.96428571428571,1.890625,0.25,1.28571428571429,0.25,0.535714285714286,1.6875,1.875,2.2,1.60416666666667,1
"I",1.55555555555556,1.875,2.4,2.4,0.75,2.25,2.0625,0,1.77777777777778,0.476190476190476,0.5,2.22222222222222,2.14285714285714,2.4,1.71428571428571,2.66666666666667,1,0.0666666666666667,2.66666666666667,1.57575757575758
"K",2.22222222222222,3.43055555555556,1,1,3.68333333333333,1.77777777777778,1.3125,1.77777777777778,0,2.61904761904762,0.729166666666667,0.555555555555556,1.71428571428571,0.666666666666667,0.142857142857143,1,1,2.4,2.03703703703704,2.66666666666667
"L",2.14285714285714,3.16666666666667,3.42857142857143,2.82857142857143,0.571428571428571,3.14285714285714,1.96428571428571,0.476190476190476,2.61904761904762,0,0.214285714285714,3.66666666666667,2.04081632653061,1.8,2.46938775510204,4.71428571428571,1.92857142857143,0.428571428571429,1.42857142857143,1.51948051948052
"M",2.08333333333333,2.625,2.7,2.2,1,2.5,1.890625,0.5,0.729166666666667,0.214285714285714,0,2.08333333333333,1.96428571428571,1.35,1.28571428571429,2.5,1.40625,0.45,2.07638888888889,1.75
"N",1,3.77777777777778,0,0.2,3.26666666666667,1,0.25,2.22222222222222,0.555555555555556,3.66666666666667,2.08333333333333,0,1.52380952380952,0.533333333333333,1,0.333333333333333,1,2.33333333333333,3.40740740740741,1.96969696969697
"P",0.571428571428571,2.0952380952381,1.8,1.37142857142857,2.97142857142857,1.33333333333333,1.28571428571429,2.14285714285714,1.71428571428571,2.04081632653061,1.96428571428571,1.52380952380952,0,1,1,0.428571428571429,1,1.8,2.77777777777778,2.87012987012987
"Q",1.6,3.8,0.36,0.16,3.52,1.86666666666667,0.25,2.4,0.666666666666667,1.8,1.35,0.533333333333333,1,0,0.685714285714286,1.8,1.5,2.56,2.93333333333333,2.90909090909091
"R",2.14285714285714,2.0952380952381,1.8,1.8,2.57142857142857,2.61904761904762,0.535714285714286,1.71428571428571,0.142857142857143,2.46938775510204,1.28571428571429,1,1,0.685714285714286,0,1.71428571428571,1.42857142857143,2.28571428571429,0.634920634920635,2.49350649350649
"S",0.333333333333333,1,1,1,4.2,0.416666666666667,1.6875,2.66666666666667,1,4.71428571428571,2.5,0.333333333333333,0.428571428571429,1.8,1.71428571428571,0,0,1.8,2.91666666666667,3.18181818181818
"T",0.5,2.1875,1,1.5,2.8,1,1.875,1,1,1.92857142857143,1.40625,1,1,1.5,1.42857142857143,0,0,1,3.33333333333333,2.22727272727273
"V",1,1.63333333333333,2.56,1.96,1.68,1.86666666666667,2.2,0.0666666666666667,2.4,0.428571428571429,0.45,2.33333333333333,1.8,2.56,2.28571428571429,1.8,1,0,3.75555555555556,2.03636363636364
"W",4.62962962962963,2.625,3.75555555555556,4.2,1,3.37037037037037,1.60416666666667,2.66666666666667,2.03703703703704,1.42857142857143,2.07638888888889,3.40740740740741,2.77777777777778,2.93333333333333,0.634920634920635,2.91666666666667,3.33333333333333,3.75555555555556,0,1.15151515151515
"Y",3.18181818181818,1,2.90909090909091,2.90909090909091,0.109090909090909,3.09090909090909,1,1.57575757575758,2.66666666666667,1.51948051948052,1.75,1.96969696969697,2.87012987012987,2.90909090909091,2.49350649350649,3.18181818181818,2.22727272727273,2.03636363636364,1.15151515151515,0
