"","A","C","D","E","F","G","H","I","K","L","M","N","P","Q","R","S","T","V","W","Y"
"A",0,2.33333333333333,1,1,4.2,0.4,2.5,1.8,2.8,2.57142857142857,1.6875,1,0.428571428571429,1.8,2.57142857142857,0.25,0.333333333333333,1,6.25,4.09090909090909
"C",2.33333333333333,0,3.3,3.3,2.125,2.4,2,2,3.3,3.16666666666667,2.625,3.11111111111111,1.78571428571429,3.3,2.0952380952381,1,2.5,1.63333333333333,2.625,1
"D",1,3.3,0,0.04,4.08,1,0.7,2.56,1,3.42857142857143,2.2,0.2,1.37142857142857,0.36,1.8,1,1,2.56,3.75555555555556,2.90909090909091
"E",1,3.3,0.04,0,3.52,1,1,1.96,1,2.82857142857143,2.2,0.2,1.37142857142857,0.16,1.8,1,1.6,1.96,3.75555555555556,2.90909090909091
"F",4.2,2.125,4.08,3.52,0,3,1.5,0.72,3.52,0.571428571428571,1,3.26666666666667,2.57142857142857,3.52,2.57142857142857,4.2,3.26666666666667,1.68,1,0.109090909090909
"G",0.4,2.4,1,1,3,0,2.2,2.56,1.96,3.42857142857143,2.2,1,1.37142857142857,1.96,2.28571428571429,0.4,1,1.96,3.75555555555556,3.4
"H",2.5,2,0.7,1,1.5,2.2,0,2.2,1,1.60714285714286,1.890625,0.25,1,0.25,0.535714285714286,1.6875,2.08333333333333,2.2,1.60416666666667,1
"I",1.8,2,2.56,1.96,0.72,2.56,2.2,0,1.96,0.428571428571429,0.45,2.33333333333333,2.28571428571429,2.56,1.8,2.8,1,0.04,2.93333333333333,1.30909090909091
"K",2.8,3.3,1,1,3.52,1.96,1,1.96,0,2.28571428571429,0.7,0.533333333333333,1.8,0.64,0.0857142857142857,1,1,2.56,2.2,2.90909090909091
"L",2.57142857142857,3.16666666666667,3.42857142857143,2.82857142857143,0.571428571428571,3.42857142857143,1.60714285714286,0.428571428571429,2.28571428571429,0,0.214285714285714,2.85714285714286,2.04081632653061,1.8,2.46938775510204,3.57142857142857,2.14285714285714,0.428571428571429,1.42857142857143,1.24675324675325
"M",1.6875,2.625,2.2,2.2,1,2.2,1.890625,0.45,0.7,0.214285714285714,0,2.08333333333333,1.96428571428571,1.35,1.28571428571429,2.5,1.5,0.45,2.07638888888889,1.75
"N",1,3.11111111111111,0.2,0.2,3.26666666666667,1,0.25,2.33333333333333,0.533333333333333,2.85714285714286,2.08333333333333,0,1.52380952380952,0.533333333333333,1,0.333333333333333,1,2.33333333333333,3.40740740740741,1.96969696969697
"P",0.428571428571429,1.78571428571429,1.37142857142857,1.37142857142857,2.57142857142857,1.37142857142857,1,2.28571428571429,1.8,2.04081632653061,1.96428571428571,1.52380952380952,0,1,1,0.428571428571429,1,1.8,2.77777777777778,2.87012987012987
"Q",1.8,3.3,0.36,0.16,3.52,1.96,0.25,2.56,0.64,1.8,1.35,0.533333333333333,1,0,0.685714285714286,1.8,1.6,1.96,2.93333333333333,2.90909090909091
"R",2.57142857142857,2.0952380952381,1.8,1.8,2.57142857142857,2.28571428571429,0.535714285714286,1.8,0.0857142857142857,2.46938775510204,1.28571428571429,1,1,0.685714285714286,0,1,1.52380952380952,2.28571428571429,0.634920634920635,2.49350649350649
"S",0.25,1,1,1,4.2,0.4,1.6875,2.8,1,3.57142857142857,2.5,0.333333333333333,0.428571428571429,1.8,1,0,0,1.8,2.91666666666667,3.18181818181818
"T",0.333333333333333,2.5,1,1.6,3.26666666666667,1,2.08333333333333,1,1,2.14285714285714,1.5,1,1,1.6,1.52380952380952,0,0,1,4,2.54545454545455
"V",1,1.63333333333333,2.56,1.96,1.68,1.96,2.2,0.04,2.56,0.428571428571429,0.45,2.33333333333333,1.8,1.96,2.28571428571429,1.8,1,0,3.33333333333333,2.03636363636364
"W",6.25,2.625,3.75555555555556,3.75555555555556,1,3.75555555555556,1.60416666666667,2.93333333333333,2.2,1.42857142857143,2.07638888888889,3.40740740740741,2.77777777777778,2.93333333333333,0.634920634920635,2.91666666666667,4,3.33333333333333,0,1.15151515151515
"Y",4.09090909090909,1,2.90909090909091,2.90909090909091,0.109090909090909,3.4,1,1.30909090909091,2.90909090909091,1.24675324675325,1.75,1.96969696969697,2.87012987012987,2.90909090909091,2.49350649350649,3.18181818181818,2.54545454545455,2.03636363636364,1.15151515151515,0
