"","A","C","D","E","F","G","H","I","K","L","M","N","P","Q","R","S","T","V","W","Y"
"A",0,2.33333333333333,1,1,3.33333333333333,0.4,1.75,1,1.875,2.66666666666667,1.75,1,0.416666666666667,1,1.75,0,0.25,1,5.41176470588235,3.25
"C",2.33333333333333,0,3.1875,3.1875,1.92592592592593,2,1.875,1.75,3.1875,3,2.59722222222222,3.125,1.875,3.1875,2.22222222222222,1,2.33333333333333,1.75,2.23529411764706,1
"D",1,3.1875,0,0.0625,3.5,0.6,0.625,2.25,1,3.33333333333333,2,0,1.45833333333333,0.25,1.45833333333333,1,1,2.25,3.38235294117647,2.8
"E",1,3.1875,0.0625,0,3.5,1,0.625,2.25,1,2.625,2,0.375,1,0.25,1.45833333333333,1,1,2.25,3.88235294117647,2.8
"F",3.33333333333333,1.92592592592593,3.5,3.5,0,3.11111111111111,1.62962962962963,0.666666666666667,3.5,0.518518518518518,1,3.33333333333333,2.40740740740741,2.88888888888889,2.40740740740741,5.33333333333333,3.33333333333333,1.38888888888889,1,0.0666666666666667
"G",0.4,2,0.6,1,3.11111111111111,0,1.86666666666667,2.1,2.1,3,2.4,1,1,1.5,1.86666666666667,0,1,1.5,3.38823529411765,3
"H",1.75,1.875,0.625,0.625,1.62962962962963,1.86666666666667,0,2,1,1.77777777777778,1.77777777777778,0,1,0.125,0.444444444444444,2.33333333333333,1.75,2,1.76470588235294,1
"I",1,1.75,2.25,2.25,0.666666666666667,2.1,2,0,2.25,0.333333333333333,0.333333333333333,3,2,2.25,2,2.5,1,0,2.91176470588235,1.375
"K",1.875,3.1875,1,1,3.5,2.1,1,2.25,0,2.625,1,0.375,1.45833333333333,0.5625,0.125,1,1,2.25,2.05882352941176,2.8
"L",2.66666666666667,3,3.33333333333333,2.625,0.518518518518519,3,1.77777777777778,0.333333333333333,2.625,0,0.111111111111111,3.75,1.77777777777778,2,2.25,6,2.66666666666667,0.333333333333333,1.49019607843137,1.28333333333333
"M",1.75,2.59722222222222,2,2,1,2.4,1.77777777777778,0.333333333333333,1,0.111111111111111,0,2.66666666666667,1.77777777777778,1.45833333333333,1,2.33333333333333,1.75,0.333333333333333,2.05882352941176,1.6
"N",1,3.125,0,0.375,3.33333333333333,1,0,3,0.375,3.75,2.66666666666667,0,1,0.375,1,0,1,3,3.70588235294118,2.4
"P",0.416666666666667,1.875,1.45833333333333,1,2.40740740740741,1,1,2,1.45833333333333,1.77777777777778,1.77777777777778,1,0,1,1,0,1,1.45833333333333,2.37254901960784,2.75
"Q",1,3.1875,0.25,0.25,2.88888888888889,1.5,0.125,2.25,0.5625,2,1.45833333333333,0.375,1,0,0.625,1,1.875,2.25,2.91176470588235,2.8
"R",1.75,2.22222222222222,1.45833333333333,1.45833333333333,2.40740740740741,1.86666666666667,0.444444444444444,2,0.125,2.25,1,1,1,0.625,0,1,1.75,2,0.588235294117647,2.33333333333333
"S",0,1,1,1,5.33333333333333,0,2.33333333333333,2.5,1,6,2.33333333333333,0,0,1,1,0,0,2.5,3.35294117647059,5.2
"T",0.25,2.33333333333333,1,1,3.33333333333333,1,1.75,1,1,2.66666666666667,1.75,1,1,1.875,1.75,0,0,1,4.52941176470588,3.25
"V",1,1.75,2.25,2.25,1.38888888888889,1.5,2,0,2.25,0.333333333333333,0.333333333333333,3,1.45833333333333,2.25,2,2.5,1,0,3.38235294117647,1.8
"W",5.41176470588235,2.23529411764706,3.38235294117647,3.88235294117647,1,3.38823529411765,1.76470588235294,2.91176470588235,2.05882352941176,1.49019607843137,2.05882352941176,3.70588235294118,2.37254901960784,2.91176470588235,0.588235294117647,3.35294117647059,4.52941176470588,3.38235294117647,0,1
"Y",3.25,1,2.8,2.8,0.0666666666666667,3,1,1.375,2.8,1.28333333333333,1.6,2.4,2.75,2.8,2.33333333333333,5.2,3.25,1.8,1,0
