"","A","C","D","E","F","G","H","I","K","L","M","N","P","Q","R","S","T","V","W","Y"
"A",0,2.33333333333333,1,1,4.2,0.4,2.57142857142857,1.8,1.8,2.66666666666667,1.6875,1,0.428571428571429,1.8,2.57142857142857,0.25,0.333333333333333,1,5.41176470588235,4.09090909090909
"C",2.33333333333333,0,3.75,3.75,2.125,2.4,2.0952380952381,2,3.3,3.43055555555556,2.625,3.11111111111111,1.78571428571429,3.3,2.0952380952381,1,2.5,1.63333333333333,2.45098039215686,1
"D",1,3.75,0,0,4,1,0.642857142857143,2.8,1,4.125,2.40625,0.166666666666667,1.42857142857143,0.3,1.92857142857143,1,1,2.8,4.41176470588235,3.27272727272727
"E",1,3.75,0,0,4,1,0.642857142857143,2.1,1,3.33333333333333,1.875,0.166666666666667,1.42857142857143,0.1,1.42857142857143,1,1.66666666666667,2.1,4.41176470588235,3.27272727272727
"F",4.2,2.125,4,4,0,3,1.54285714285714,0.72,3.52,0.533333333333333,1,3.26666666666667,2.57142857142857,3,2.57142857142857,4.2,3.26666666666667,1.68,1,0.109090909090909
"G",0.4,2.4,1,1,3,0,2.28571428571429,2.56,1.96,3.66666666666667,2.2,1,1.37142857142857,1.96,2.28571428571429,0.4,1,1.96,3.82352941176471,3.4
"H",2.57142857142857,2.0952380952381,0.642857142857143,0.642857142857143,1.54285714285714,2.28571428571429,0,2.28571428571429,1,1.71428571428571,1.96428571428571,0.238095238095238,1,0.228571428571429,0.510204081632653,1.71428571428571,2.14285714285714,2.28571428571429,1.68067226890756,1
"I",1.8,2,2.8,2.1,0.72,2.56,2.28571428571429,0,1.96,0.4,0.45,2.33333333333333,1.8,1.96,1.8,2.8,1,0.04,2.97647058823529,1.30909090909091
"K",1.8,3.3,1,1,3.52,1.96,1,1.96,0,2.4,0.7,0.533333333333333,1.37142857142857,0.64,0.0857142857142857,1,1,2.56,2.22352941176471,2.90909090909091
"L",2.66666666666667,3.43055555555556,4.125,3.33333333333333,0.533333333333333,3.66666666666667,1.71428571428571,0.4,2.4,0,0.166666666666667,3,2.14285714285714,1.86666666666667,2.14285714285714,3.75,2.22222222222222,0.4,1.49019607843137,1.27272727272727
"M",1.6875,2.625,2.40625,1.875,1,2.2,1.96428571428571,0.45,0.7,0.166666666666667,0,2.08333333333333,1.60714285714286,1.35,1.28571428571429,2.5,1.5,0.45,2.10294117647059,1.75
"N",1,3.11111111111111,0.166666666666667,0.166666666666667,3.26666666666667,1,0.238095238095238,2.33333333333333,0.533333333333333,3,2.08333333333333,0,1.52380952380952,0.533333333333333,1,0.333333333333333,1,2.33333333333333,2.88235294117647,1.96969696969697
"P",0.428571428571429,1.78571428571429,1.42857142857143,1.42857142857143,2.57142857142857,1.37142857142857,1,1.8,1.37142857142857,2.14285714285714,1.60714285714286,1.52380952380952,0,1,1,0.428571428571429,1,1.37142857142857,2.51260504201681,2.87012987012987
"Q",1.8,3.3,0.3,0.1,3,1.96,0.228571428571429,1.96,0.64,1.86666666666667,1.35,0.533333333333333,1,0,0.685714285714286,1.8,1.6,1.96,2.58823529411765,2.90909090909091
"R",2.57142857142857,2.0952380952381,1.92857142857143,1.42857142857143,2.57142857142857,2.28571428571429,0.510204081632653,1.8,0.0857142857142857,2.14285714285714,1.28571428571429,1,1,0.685714285714286,0,1,1.52380952380952,2.28571428571429,0.630252100840336,2.49350649350649
"S",0.25,1,1,1,4.2,0.4,1.71428571428571,2.8,1,3.75,2.5,0.333333333333333,0.428571428571429,1.8,1,0,0,1.8,2.94117647058824,3.18181818181818
"T",0.333333333333333,2.5,1,1.66666666666667,3.26666666666667,1,2.14285714285714,1,1,2.22222222222222,1.5,1,1,1.6,1.52380952380952,0,0,1,4.05882352941176,2.54545454545455
"V",1,1.63333333333333,2.8,2.1,1.68,1.96,2.28571428571429,0.04,2.56,0.4,0.45,2.33333333333333,1.37142857142857,1.96,2.28571428571429,1.8,1,0,3.38823529411765,2.03636363636364
"W",5.41176470588235,2.45098039215686,4.41176470588235,4.41176470588235,1,3.82352941176471,1.68067226890756,2.97647058823529,2.22352941176471,1.49019607843137,2.10294117647059,2.88235294117647,2.51260504201681,2.58823529411765,0.630252100840336,2.94117647058824,4.05882352941176,3.38823529411765,0,1
"Y",4.09090909090909,1,3.27272727272727,3.27272727272727,0.109090909090909,3.4,1,1.30909090909091,2.90909090909091,1.27272727272727,1.75,1.96969696969697,2.87012987012987,2.90909090909091,2.49350649350649,3.18181818181818,2.54545454545455,2.03636363636364,1,0
