"","A","C","D","E","F","G","H","I","K","L","M","N","P","Q","R","S","T","V","W","Y"
"A",0,2.33333333333333,1,1,4.33333333333333,0.4,1.71428571428571,1.8,1.8,2.66666666666667,1.71428571428571,1,0.416666666666667,1,2.66666666666667,0.25,0.333333333333333,1,5.41176470588235,4.2
"C",2.33333333333333,0,3.1875,3.75,2.2037037037037,2.4,2.0952380952381,1.63333333333333,3.3,3,2.42857142857143,4,1.875,3.75,2.22222222222222,1,1.94444444444444,1.75,2.45098039215686,1
"D",1,3.1875,0,0,4.16666666666667,0.6,0.642857142857143,2.1,1,3.33333333333333,2.5,0,1.45833333333333,0.25,1.45833333333333,1,1,2.25,3.88235294117647,2.8
"E",1,3.75,0,0,4.16666666666667,1,0.642857142857143,2.1,1,2.625,1.92857142857143,0.375,1.45833333333333,0.0625,1.45833333333333,1,1,2.25,3.88235294117647,2.8
"F",4.33333333333333,2.2037037037037,4.16666666666667,4.16666666666667,0,3.11111111111111,1.57142857142857,0.711111111111111,3.11111111111111,0.518518518518518,1,4.33333333333333,2.85185185185185,3.5,2.85185185185185,3.33333333333333,2.66666666666667,1.38888888888889,1,0.0666666666666667
"G",0.4,2.4,0.6,1,3.11111111111111,0,1.8,2.56,1.96,3,2.28571428571429,1,1.4,1.5,2.4,0.4,1,1.5,3.38823529411765,3
"H",1.71428571428571,2.0952380952381,0.642857142857143,0.642857142857143,1.57142857142857,1.8,0,2.28571428571429,1,1.71428571428571,1.6530612244898,0,1,0.142857142857143,0.476190476190476,1.71428571428571,1.52380952380952,1.92857142857143,1.68067226890756,1
"I",1.8,1.63333333333333,2.1,2.1,0.711111111111111,2.56,2.28571428571429,0,1.96,0.4,0.428571428571429,2.8,1.86666666666667,2.1,1.86666666666667,1.8,1,0,2.58823529411765,1.32
"K",1.8,3.3,1,1,3.11111111111111,1.96,1,1.96,0,2.4,1,0.4,1.4,0.6,0.2,1,1,2.8,2.22352941176471,3
"L",2.66666666666667,3,3.33333333333333,2.625,0.518518518518519,3,1.71428571428571,0.4,2.4,0,0.142857142857143,3.75,2.25,2,2.25,3.75,2.22222222222222,0.333333333333333,1.49019607843137,1.28333333333333
"M",1.71428571428571,2.42857142857143,2.5,1.92857142857143,1,2.28571428571429,1.6530612244898,0.428571428571429,1,0.142857142857143,0,2.57142857142857,1.71428571428571,1.42857142857143,1,2.57142857142857,1.52380952380952,0.357142857142857,1.94117647058824,1.85714285714286
"N",1,4,0,0.375,4.33333333333333,1,0,2.8,0.4,3.75,2.57142857142857,0,1.75,0.375,1,0.25,1,3,3.70588235294118,2.4
"P",0.416666666666667,1.875,1.45833333333333,1.45833333333333,2.85185185185185,1.4,1,1.86666666666667,1.4,2.25,1.71428571428571,1.75,0,1,1,0.416666666666667,1,1.45833333333333,2.70588235294118,2.75
"Q",1,3.75,0.25,0.0625,3.5,1.5,0.142857142857143,2.1,0.6,2,1.42857142857143,0.375,1,0,0.625,1.875,1.66666666666667,2.25,2.91176470588235,2.8
"R",2.66666666666667,2.22222222222222,1.45833333333333,1.45833333333333,2.85185185185185,2.4,0.476190476190476,1.86666666666667,0.2,2.25,1,1,1,0.625,0,1,1.55555555555556,2.625,0.588235294117647,2.33333333333333
"S",0.25,1,1,1,3.33333333333333,0.4,1.71428571428571,1.8,1,3.75,2.57142857142857,0.25,0.416666666666667,1.875,1,0,0.333333333333333,1.875,2.94117647058824,3.25
"T",0.333333333333333,1.94444444444444,1,1,2.66666666666667,1,1.52380952380952,1,1,2.22222222222222,1.52380952380952,1,1,1.66666666666667,1.55555555555556,0.333333333333333,0,1,3.45098039215686,2.6
"V",1,1.75,2.25,2.25,1.38888888888889,1.5,1.92857142857143,0,2.8,0.333333333333333,0.357142857142857,3,1.45833333333333,2.25,2.625,1.875,1,0,3.38235294117647,2.275
"W",5.41176470588235,2.45098039215686,3.88235294117647,3.88235294117647,1,3.38823529411765,1.68067226890756,2.58823529411765,2.22352941176471,1.49019607843137,1.94117647058824,3.70588235294118,2.70588235294118,2.91176470588235,0.588235294117647,2.94117647058824,3.45098039215686,3.38235294117647,0,1
"Y",4.2,1,2.8,2.8,0.0666666666666667,3,1,1.32,3,1.28333333333333,1.85714285714286,2.4,2.75,2.8,2.33333333333333,3.25,2.6,2.275,1,0
