"","A","C","D","E","F","G","H","I","K","L","M","N","P","Q","R","S","T","V","W","Y"
"A",0,4.2,2.5,2.0625,5,2.14285714285714,4.40740740740741,3.33333333333333,5,4.33333333333333,3.09090909090909,2.97916666666667,1.66666666666667,2.85185185185185,4.40740740740741,1.33333333333333,1.33333333333333,2.14285714285714,8.17948717948718,4.75
"C",4.2,0,7.8,7.8,6.66666666666667,5.4,3.4,3.02222222222222,8.54285714285714,9.25714285714286,6.38181818181818,6.0375,4.0375,7.22222222222222,3.8,2.2,4.34285714285714,3.4,6.67692307692308,2.25
"D",2.5,7.8,0,0.5625,9.02777777777778,2.35714285714286,2.52777777777778,4.25,3.25,9.03571428571429,5.72727272727273,0.765625,4.515625,2.16666666666667,5.83333333333333,2.78571428571429,3.25,4.85714285714286,7.21153846153846,6.0375
"E",2.0625,7.8,0.5625,0,8.33333333333333,2.78571428571429,2.91666666666667,2.91666666666667,2.78571428571429,5.46428571428571,3.45454545454545,1.890625,3.515625,1,5.27777777777778,2.78571428571429,3.75,4.28571428571429,8.30769230769231,4.0375
"F",5,6.66666666666667,9.02777777777778,8.33333333333333,0,5.12698412698413,3.16049382716049,1.77777777777778,9.12698412698413,2.26984126984127,2.26262626262626,4.75,5.27777777777778,7.11111111111111,4.45679012345679,3.55555555555556,5.12698412698413,4.57142857142857,2.43589743589744,0.8
"G",2.14285714285714,5.4,2.35714285714286,2.78571428571429,5.12698412698413,0,5.12698412698413,6.98412698412698,4.59183673469388,7.36734693877551,4.63636363636364,2.35714285714286,3.75,4.04761904761905,5.71428571428571,2.04081632653061,4,4,7.91208791208791,8.54285714285714
"H",4.40740740740741,3.4,2.52777777777778,2.91666666666667,3.16049382716049,5.12698412698413,0,4.93827160493827,4.04761904761905,3.55555555555556,5.33333333333333,1.25,2.52777777777778,1,1.77777777777778,3.55555555555556,4.04761904761905,3.55555555555556,3.05128205128205,2.02222222222222
"I",3.33333333333333,3.02222222222222,4.25,2.91666666666667,1.77777777777778,6.98412698412698,4.93827160493827,0,3.55555555555556,1.57142857142857,1.44444444444444,2.91666666666667,4.75,4,2.77777777777778,4.04761904761905,1.9047619047619,0.761904761904762,6.1965811965812,3.02222222222222
"K",5,8.54285714285714,3.25,2.78571428571429,9.12698412698413,4.59183673469388,4.04761904761905,3.55555555555556,0,5.22448979591837,1.81818181818182,1.60714285714286,4.28571428571429,2.26984126984127,1.26984126984127,2.93877551020408,2.46938775510204,5.89795918367347,6.23076923076923,4.85714285714286
"L",4.33333333333333,9.25714285714286,9.03571428571429,5.46428571428571,2.26984126984127,7.36734693877551,3.55555555555556,1.57142857142857,5.22448979591837,0,1,4.28571428571429,4.28571428571429,3.0952380952381,5.12698412698413,5.22448979591837,4.59183673469388,2.04081632653061,3.07692307692308,3.85714285714286
"M",3.09090909090909,6.38181818181818,5.72727272727273,3.45454545454545,2.26262626262626,4.63636363636364,5.33333333333333,1.44444444444444,1.81818181818182,1,0,4.75,3.86363636363636,2.26262626262626,2.26262626262626,2.87012987012987,2.49350649350649,1.51948051948052,5.09090909090909,5.01818181818182
"N",2.97916666666667,6.0375,0.765625,1.890625,4.75,2.35714285714286,1.25,2.91666666666667,1.60714285714286,4.28571428571429,4.75,0,3.515625,2.52777777777778,3.33333333333333,1.28571428571429,1.96428571428571,4.85714285714286,3.59615384615385,2.4375
"P",1.66666666666667,4.0375,4.515625,3.515625,5.27777777777778,3.75,2.52777777777778,4.75,4.28571428571429,4.28571428571429,3.86363636363636,3.515625,0,2.16666666666667,2.52777777777778,1.96428571428571,2.78571428571429,3.75,6.69230769230769,7.8
"Q",2.85185185185185,7.22222222222222,2.16666666666667,1,7.11111111111111,4.04761904761905,1,4,2.26984126984127,3.0952380952381,2.26262626262626,2.52777777777778,2.16666666666667,0,1.49382716049383,3.0952380952381,3.55555555555556,4.04761904761905,5.74358974358974,6.13333333333333
"R",4.40740740740741,3.8,5.83333333333333,5.27777777777778,4.45679012345679,5.71428571428571,1.77777777777778,2.77777777777778,1.26984126984127,5.12698412698413,2.26262626262626,3.33333333333333,2.52777777777778,1.49382716049383,0,2.26984126984127,4.04761904761905,4.57142857142857,1.64102564102564,4.66666666666667
"S",1.33333333333333,2.2,2.78571428571429,2.78571428571429,3.55555555555556,2.04081632653061,3.55555555555556,4.04761904761905,2.93877551020408,5.22448979591837,2.87012987012987,1.28571428571429,1.96428571428571,3.0952380952381,2.26984126984127,0,1,4.59183673469388,2.71428571428571,3.85714285714286
"T",1.33333333333333,4.34285714285714,3.25,3.75,5.12698412698413,4,4.04761904761905,1.9047619047619,2.46938775510204,4.59183673469388,2.49350649350649,1.96428571428571,2.78571428571429,3.55555555555556,4.04761904761905,1,0,2.46938775510204,6.76923076923077,3.4
"V",2.14285714285714,3.4,4.85714285714286,4.28571428571429,4.57142857142857,4,3.55555555555556,0.761904761904762,5.89795918367347,2.04081632653061,1.51948051948052,4.85714285714286,3.75,4.04761904761905,4.57142857142857,4.59183673469388,2.46938775510204,0,8.51648351648352,3.85714285714286
"W",8.17948717948718,6.67692307692308,7.21153846153846,8.30769230769231,2.43589743589744,7.91208791208791,3.05128205128205,6.1965811965812,6.23076923076923,3.07692307692308,5.09090909090909,3.59615384615385,6.69230769230769,5.74358974358974,1.64102564102564,2.71428571428571,6.76923076923077,8.51648351648352,0,2.33846153846154
"Y",4.75,2.25,6.0375,4.0375,0.8,8.54285714285714,2.02222222222222,3.02222222222222,4.85714285714286,3.85714285714286,5.01818181818182,2.4375,7.8,6.13333333333333,4.66666666666667,3.85714285714286,3.4,3.85714285714286,2.33846153846154,0
