"","A","C","D","E","F","G","H","I","K","L","M","N","P","Q","R","S","T","V","W","Y"
"A",0,2.22222222222222,0.375,0.375,3.92307692307692,0,1.71428571428571,1,1.8,2.5,1.75,1,0.416666666666667,1,1.71428571428571,0,0.25,1,5.66666666666667,3.85714285714286
"C",2.22222222222222,0,3.33333333333333,3.33333333333333,1.76923076923077,2.2,1.92063492063492,1.86666666666667,2.93333333333333,2.60416666666667,2.66666666666667,3.66666666666667,1.75,3.33333333333333,1.92063492063492,1,2.22222222222222,1.55555555555556,2.13168724279835,0.876984126984127
"D",0.375,3.33333333333333,0,0,3.65384615384615,0.6,0.642857142857143,2.1,0.6,3,2.625,0,1,0.25,1.42857142857143,0,1,2.1,3.88888888888889,3.05357142857143
"E",0.375,3.33333333333333,0,0,3.65384615384615,0.6,0.642857142857143,2.1,1,3,2,0,1,0.0625,1,1,1,2.1,3.88888888888889,3.05357142857143
"F",3.92307692307692,1.76923076923077,3.65384615384615,3.65384615384615,0,3.21538461538462,1.48351648351648,0.507692307692308,3.21538461538462,0.480769230769231,0.769230769230769,3.92307692307692,2.53846153846154,3.11538461538462,2.37362637362637,6.53846153846154,3.07692307692308,1.29230769230769,0.888888888888889,0.032967032967033
"G",0,2.2,0.6,0.6,3.21538461538462,0,1.8,1.96,1.44,2.7,2.4,0.4,1,1.5,1.8,0,0.4,1.44,3.37037037037037,3.14285714285714
"H",1.71428571428571,1.92063492063492,0.642857142857143,0.642857142857143,1.48351648351648,1.8,0,1.8,0.685714285714286,1.60714285714286,1.71428571428571,0,1,0.142857142857143,0.510204081632653,2.28571428571429,1.71428571428571,1.8,1.58730158730159,1
"I",1,1.86666666666667,2.1,2.1,0.507692307692308,1.96,1.8,0,1.96,0.1,0.2,2.8,1.86666666666667,2.1,1.8,2.4,1,0.04,2.68888888888889,1
"K",1.8,2.93333333333333,0.6,1,3.21538461538462,1.44,0.685714285714286,1.96,0,2.2,1,0.4,1.4,0.6,0.0857142857142857,1,1,1.96,2.06666666666667,2.71428571428571
"L",2.5,2.60416666666667,3,3,0.480769230769231,2.7,1.60714285714286,0.1,2.2,0,0.0625,3.4375,2.0625,1.875,1.96428571428571,5.5,2.5,0.25,1.34259259259259,1
"M",1.75,2.66666666666667,2.625,2,0.769230769230769,2.4,1.71428571428571,0.2,1,0.0625,0,2.66666666666667,1.77777777777778,1.45833333333333,1,4,1.75,0.4,2.17283950617284,1.52380952380952
"N",1,3.66666666666667,0,0,3.92307692307692,0.4,0,2.8,0.4,3.4375,2.66666666666667,0,1,0.375,0.428571428571429,0,0.25,2.8,4.14814814814815,3.03571428571429
"P",0.416666666666667,1.75,1,1,2.53846153846154,1,1,1.86666666666667,1.4,2.0625,1.77777777777778,1,0,0.625,1,0,0.416666666666667,1.4,2.7283950617284,2.85714285714286
"Q",1,3.33333333333333,0.25,0.0625,3.11538461538462,1.5,0.142857142857143,2.1,0.6,1.875,1.45833333333333,0.375,0.625,0,0.357142857142857,1,1,2.1,2.66666666666667,3.05357142857143
"R",1.71428571428571,1.92063492063492,1.42857142857143,1,2.37362637362637,1.8,0.510204081632653,1.8,0.0857142857142857,1.96428571428571,1,0.428571428571429,1,0.357142857142857,0,1,1.71428571428571,2.28571428571429,0.365079365079365,2.3265306122449
"S",0,1,0,1,6.53846153846154,0,2.28571428571429,2.4,1,5.5,4,0,0,1,1,0,0,2.4,4.44444444444444,4.85714285714286
"T",0.25,2.22222222222222,1,1,3.07692307692308,0.4,1.71428571428571,1,1,2.5,1.75,0.25,0.416666666666667,1,1.71428571428571,0,0,1,4.88888888888889,3.03571428571429
"V",1,1.55555555555556,2.1,2.1,1.29230769230769,1.44,1.8,0.04,1.96,0.25,0.4,2.8,1.4,2.1,2.28571428571429,2.4,1,0,3.02222222222222,1.6
"W",5.66666666666667,2.13168724279835,3.88888888888889,3.88888888888889,0.888888888888889,3.37037037037037,1.58730158730159,2.68888888888889,2.06666666666667,1.34259259259259,2.17283950617284,4.14814814814815,2.7283950617284,2.66666666666667,0.365079365079365,4.44444444444444,4.88888888888889,3.02222222222222,0,0.894179894179894
"Y",3.85714285714286,0.876984126984127,3.05357142857143,3.05357142857143,0.032967032967033,3.14285714285714,1,1,2.71428571428571,1,1.52380952380952,3.03571428571429,2.85714285714286,3.05357142857143,2.3265306122449,4.85714285714286,3.03571428571429,1.6,0.894179894179894,0
