"","A","C","D","E","F","G","H","I","K","L","M","N","P","Q","R","S","T","V","W","Y"
"A",0,3.2,2.0625,1.66666666666667,4.40740740740741,1.77777777777778,3.85185185185185,2.97916666666667,4.33333333333333,3.71428571428571,2.66666666666667,2.5,1.66666666666667,2.5,4.0625,1,1.33333333333333,1.71428571428571,6.33333333333333,4.2
"C",3.2,0,6.6,6.6,5.62222222222222,4.75,3.02222222222222,2.8,7.2,7.85714285714286,5.01818181818182,4.9875,3.6,6.6,3.6,1.95,3.85714285714286,2.97142857142857,5.38461538461539,1.96
"D",2.0625,6.6,0,0.5625,7.66666666666667,2.0625,2.16666666666667,3.515625,2.35714285714286,6.78571428571429,4.75,0.5625,4,1.5625,5.0625,2.5,2.78571428571429,4.28571428571429,6.19230769230769,4.9875
"E",1.66666666666667,6.6,0.5625,0,7.02777777777778,2.5,2.52777777777778,2.640625,2.35714285714286,4.85714285714286,3.06818181818182,1.5625,2.640625,0.765625,4.515625,2.5,3.25,3.25,7.21153846153846,3.6
"F",4.40740740740741,5.62222222222222,7.66666666666667,7.02777777777778,0,5,2.77777777777778,1.52777777777778,7.66666666666667,1.9047619047619,1.96969696969697,4.25,4.75,6.41666666666667,4.25,3.33333333333333,4.57142857142857,4.04761904761905,1.88888888888889,0.622222222222222
"G",1.77777777777778,4.75,2.0625,2.5,5,0,5,6.72916666666667,4.33333333333333,6.47619047619048,4.03030303030303,2.0625,3.5,4.0625,5.3125,1.77777777777778,3.71428571428571,3.14285714285714,7.53846153846154,8
"H",3.85185185185185,3.02222222222222,2.16666666666667,2.52777777777778,2.77777777777778,5,0,4.25,3.0952380952381,3.0952380952381,4.03030303030303,1,2.16666666666667,0.777777777777778,1.52777777777778,3.33333333333333,3.55555555555556,3.0952380952381,2.73504273504274,1.73333333333333
"I",2.97916666666667,2.8,3.515625,2.640625,1.52777777777778,6.72916666666667,4.25,0,3.25,1.28571428571429,1.22727272727273,2.640625,4,4,2.640625,4.0625,1.60714285714286,0.535714285714286,5.71153846153846,2.8
"K",4.33333333333333,7.2,2.35714285714286,2.35714285714286,7.66666666666667,4.33333333333333,3.0952380952381,3.25,0,4.59183673469388,1.51948051948052,1.28571428571429,3.25,1.96428571428571,1,2.61904761904762,2.04081632653061,5.22448979591837,5.21978021978022,4.34285714285714
"L",3.71428571428571,7.85714285714286,6.78571428571429,4.85714285714286,1.9047619047619,6.47619047619048,3.0952380952381,1.28571428571429,4.59183673469388,0,0.779220779220779,3.75,3.75,2.78571428571429,4.28571428571429,5,4,1.6530612244898,2.71428571428571,3.4
"M",2.66666666666667,5.01818181818182,4.75,3.06818181818182,1.96969696969697,4.03030303030303,4.03030303030303,1.22727272727273,1.51948051948052,0.779220779220779,0,3.86363636363636,3.45454545454545,2.04545454545455,2.04545454545455,2.66666666666667,2.14285714285714,1.24675324675325,4.36363636363636,4.2
"N",2.5,4.9875,0.5625,1.5625,4.25,2.0625,1,2.640625,1.28571428571429,3.75,3.86363636363636,0,3.0625,1.890625,3.0625,1,1.60714285714286,4.28571428571429,3.23076923076923,2.1
"P",1.66666666666667,3.6,4,2.640625,4.75,3.5,2.16666666666667,4,3.25,3.75,3.45454545454545,3.0625,0,1.890625,2.25,1.66666666666667,2.35714285714286,3.25,5.71153846153846,6.0375
"Q",2.5,6.6,1.5625,0.765625,6.41666666666667,4.0625,0.777777777777778,4,1.96428571428571,2.78571428571429,2.04545454545455,1.890625,1.890625,0,1.5625,2.97916666666667,2.78571428571429,3.75,5.25,5.5
"R",4.0625,3.6,5.0625,4.515625,4.25,5.3125,1.52777777777778,2.640625,1,4.28571428571429,2.04545454545455,3.0625,2.25,1.5625,0,2.0625,3.25,4.28571428571429,1.44230769230769,4.5
"S",1,1.95,2.5,2.5,3.33333333333333,1.77777777777778,3.33333333333333,4.0625,2.61904761904762,5,2.66666666666667,1,1.66666666666667,2.97916666666667,2.0625,0,1,3.71428571428571,2.53846153846154,3.68333333333333
"T",1.33333333333333,3.85714285714286,2.78571428571429,3.25,4.57142857142857,3.71428571428571,3.55555555555556,1.60714285714286,2.04081632653061,4,2.14285714285714,1.60714285714286,2.35714285714286,2.78571428571429,3.25,1,0,2.04081632653061,5.71428571428571,2.97142857142857
"V",1.71428571428571,2.97142857142857,4.28571428571429,3.25,4.04761904761905,3.14285714285714,3.0952380952381,0.535714285714286,5.22448979591837,1.6530612244898,1.24675324675325,4.28571428571429,3.25,3.75,4.28571428571429,3.71428571428571,2.04081632653061,0,6.76923076923077,3.4
"W",6.33333333333333,5.38461538461539,6.19230769230769,7.21153846153846,1.88888888888889,7.53846153846154,2.73504273504274,5.71153846153846,5.21978021978022,2.71428571428571,4.36363636363636,3.23076923076923,5.71153846153846,5.25,1.44230769230769,2.53846153846154,5.71428571428571,6.76923076923077,0,2.07692307692308
"Y",4.2,1.96,4.9875,3.6,0.622222222222222,8,1.73333333333333,2.8,4.34285714285714,3.4,4.2,2.1,6.0375,5.5,4.5,3.68333333333333,2.97142857142857,3.4,2.07692307692308,0
