"","A","C","D","E","F","G","H","I","K","L","M","N","P","Q","R","S","T","V","W","Y"
"A",0,3.35294117647059,0,0,6.66666666666667,0,2.33333333333333,1,2.4,3.85714285714286,2.4,1,0,1,2.33333333333333,0,0,1,8.61538461538461,6.53846153846154
"C",3.35294117647059,0,3.45098039215686,3.45098039215686,1.64705882352941,1.88235294117647,2.05882352941176,1.67647058823529,2.97647058823529,2.51260504201681,2.58823529411765,6.17647058823529,1.88235294117647,3.45098039215686,2.05882352941176,1,2.23529411764706,1.67647058823529,2.05882352941176,0.868778280542986
"D",0,3.45098039215686,0,0,4.5,0.533333333333333,0.555555555555556,2.5,0.533333333333333,3.66666666666667,2.33333333333333,0,1,0.111111111111111,1,0,1,2.5,4.23076923076923,3.69230769230769
"E",0,3.45098039215686,0,0,3.77777777777778,0.533333333333333,0.555555555555556,2.5,0.533333333333333,2.85714285714286,2.33333333333333,0,1,0.111111111111111,1,1,1,2.5,4.23076923076923,3.69230769230769
"F",6.66666666666667,1.64705882352941,4.5,3.77777777777778,0,2.83333333333333,1.55555555555556,0.416666666666667,2.83333333333333,0.428571428571429,0.733333333333333,6.66666666666667,2.83333333333333,3.77777777777778,2.59722222222222,6.66666666666667,3.125,1,0.769230769230769,0.0384615384615385
"G",0,1.88235294117647,0.533333333333333,0.533333333333333,2.83333333333333,0,1.4,2.1,1.44,2.82857142857143,1.96,0,1,1.6,1.86666666666667,0,0.4,1.5,3.4,2.76923076923077
"H",2.33333333333333,2.05882352941176,0.555555555555556,0.555555555555556,1.55555555555556,1.4,0,2,0.666666666666667,1.71428571428571,1.86666666666667,0,1,0,0.444444444444444,1,1.75,2,1.67307692307692,1
"I",1,1.67647058823529,2.5,2.5,0.416666666666667,2.1,2,0,2.1,0.142857142857143,0.1,4.5,2.1,2.5,2,2.5,1,0,2.68269230769231,1
"K",2.4,2.97647058823529,0.533333333333333,0.533333333333333,2.83333333333333,1.44,0.666666666666667,2.1,0,2.28571428571429,1,0,1,0.533333333333333,0.0666666666666667,1,1,2.1,1.78461538461538,2.76923076923077
"L",3.85714285714286,2.51260504201681,3.66666666666667,2.85714285714286,0.428571428571429,2.82857142857143,1.71428571428571,0.142857142857143,2.28571428571429,0,0.0857142857142857,5.71428571428571,1.8,2.14285714285714,2.14285714285714,5.71428571428571,1.71428571428571,0.142857142857143,1.38461538461538,1
"M",2.4,2.58823529411765,2.33333333333333,2.33333333333333,0.733333333333333,1.96,1.86666666666667,0.1,1,0.0857142857142857,0,2.4,1.96,1.6,1,2.4,1,0.3,2.07692307692308,1.61538461538462
"N",1,6.17647058823529,0,0,6.66666666666667,0,0,4.5,0,5.71428571428571,2.4,0,1,0,0,0,1,2.5,7.15384615384615,4.92307692307692
"P",0,1.88235294117647,1,1,2.83333333333333,1,1,2.1,1,1.8,1.96,1,0,0.533333333333333,1,0,0.4,1.5,2.70769230769231,2.76923076923077
"Q",1,3.45098039215686,0.111111111111111,0.111111111111111,3.77777777777778,1.6,0,2.5,0.533333333333333,2.14285714285714,1.6,0,0.533333333333333,0,0.222222222222222,1,1,2.5,3.17948717948718,3.05128205128205
"R",2.33333333333333,2.05882352941176,1,1,2.59722222222222,1.86666666666667,0.444444444444444,2,0.0666666666666667,2.14285714285714,1,0,1,0.222222222222222,0,1,1,2,0.442307692307692,2.17948717948718
"S",0,1,0,1,6.66666666666667,0,1,2.5,1,5.71428571428571,2.4,0,0,1,1,0,0,2.5,4.46153846153846,4.92307692307692
"T",0,2.23529411764706,1,1,3.125,0.4,1.75,1,1,1.71428571428571,1,1,0.4,1,1,0,0,1,4.92307692307692,3.07692307692308
"V",1,1.67647058823529,2.5,2.5,1,1.5,2,0,2.1,0.142857142857143,0.3,2.5,1.5,2.5,2,2.5,1,0,3.07692307692308,1.73076923076923
"W",8.61538461538461,2.05882352941176,4.23076923076923,4.23076923076923,0.769230769230769,3.4,1.67307692307692,2.68269230769231,1.78461538461538,1.38461538461538,2.07692307692308,7.15384615384615,2.70769230769231,3.17948717948718,0.442307692307692,4.46153846153846,4.92307692307692,3.07692307692308,0,0.887573964497041
"Y",6.53846153846154,0.868778280542986,3.69230769230769,3.69230769230769,0.0384615384615385,2.76923076923077,1,1,2.76923076923077,1,1.61538461538462,4.92307692307692,2.76923076923077,3.05128205128205,2.17948717948718,4.92307692307692,3.07692307692308,1.73076923076923,0.887573964497041,0
