"","A","C","D","E","F","G","H","I","K","L","M","N","P","Q","R","S","T","V","W","Y"
"A",0,3.3,0,0,6.53846153846154,0,2.33333333333333,1,1,3.85714285714286,2.4,1,0,1,2.33333333333333,0,0,1,9.80645161290323,6.33333333333333
"C",3.3,0,3.33333333333333,3.9,1.56923076923077,1.84,2,2.0125,2.86,2.7,2.86,6,1.84,3.9,2,1,3.3,1.65,1.98387096774194,0.886666666666667
"D",0,3.33333333333333,0,0,4.38461538461539,0.533333333333333,0.555555555555556,2.5,0.533333333333333,3.66666666666667,2.33333333333333,0,1,0.111111111111111,1,0,1,2.5,4.61290322580645,3.55555555555556
"E",0,3.9,0,0,4.38461538461539,0.533333333333333,0.555555555555556,2.5,0.533333333333333,2.85714285714286,2.33333333333333,0,1,0.111111111111111,1,0,1,2.5,4.61290322580645,3.55555555555556
"F",6.53846153846154,1.56923076923077,4.38461538461538,4.38461538461538,0,3.21538461538462,1.53846153846154,0.423076923076923,3.21538461538462,0.296703296703297,0.738461538461539,6.53846153846154,2.76923076923077,3.69230769230769,2.53846153846154,6.53846153846154,4.92307692307692,1,0.791563275434243,0.0153846153846154
"G",0,1.84,0.533333333333333,0.533333333333333,3.21538461538462,0,1.4,2.1,1.44,2.82857142857143,1.96,0,1,1,1.86666666666667,0,0,1.5,3.27096774193548,3.08
"H",2.33333333333333,2,0.555555555555556,0.555555555555556,1.53846153846154,1.4,0,2,0.666666666666667,1.71428571428571,1.86666666666667,0,1,0,0.444444444444444,1,2.33333333333333,2,1.64516129032258,1
"I",1,2.0125,2.5,2.5,0.423076923076923,2.1,2,0,2.1,0,0.1,4.5,2.1,2.5,2,2.5,1,0,2.98387096774194,1
"K",1,2.86,0.533333333333333,0.533333333333333,3.21538461538462,1.44,0.666666666666667,2.1,0,2.28571428571429,1,0,1,0.533333333333333,0.0666666666666667,1,1,2.1,1.75483870967742,2.66666666666667
"L",3.85714285714286,2.7,3.66666666666667,2.85714285714286,0.296703296703297,2.82857142857143,1.71428571428571,0,2.28571428571429,0,0,5.71428571428571,1.8,2.14285714285714,2.14285714285714,5.71428571428571,2.28571428571429,0.142857142857143,1.36866359447005,0.8
"M",2.4,2.86,2.33333333333333,2.33333333333333,0.738461538461538,1.96,1.86666666666667,0.1,1,0,0,2.4,1.96,1.6,1,2.4,1,0.3,2.03225806451613,1.28
"N",1,6,0,0,6.53846153846154,0,0,4.5,0,5.71428571428571,2.4,0,1,0,0,0,1,2.5,6.96774193548387,4.8
"P",0,1.84,1,1,2.76923076923077,1,1,2.1,1,1.8,1.96,1,0,0.533333333333333,1,0,0,1.5,2.6258064516129,2.66666666666667
"Q",1,3.9,0.111111111111111,0.111111111111111,3.69230769230769,1,0,2.5,0.533333333333333,2.14285714285714,1.6,0,0.533333333333333,0,0.222222222222222,1,1,2.5,3.09677419354839,2.95555555555556
"R",2.33333333333333,2,1,1,2.53846153846154,1.86666666666667,0.444444444444444,2,0.0666666666666667,2.14285714285714,1,0,1,0.222222222222222,0,1,1,2,0.290322580645161,2.44444444444444
"S",0,1,0,0,6.53846153846154,0,1,2.5,1,5.71428571428571,2.4,0,0,1,1,0,0,2.5,4.38709677419355,4.8
"T",0,3.3,1,1,4.92307692307692,0,2.33333333333333,1,1,2.28571428571429,1,1,0,1,1,0,0,1,8.35483870967742,4.8
"V",1,1.65,2.5,2.5,1,1.5,2,0,2.1,0.142857142857143,0.3,2.5,1.5,2.5,2,2.5,1,0,3.37096774193548,1.7
"W",9.80645161290323,1.98387096774194,4.61290322580645,4.61290322580645,0.791563275434243,3.27096774193548,1.64516129032258,2.98387096774194,1.75483870967742,1.36866359447005,2.03225806451613,6.96774193548387,2.6258064516129,3.09677419354839,0.290322580645161,4.38709677419355,8.35483870967742,3.37096774193548,0,0.810752688172043
"Y",6.33333333333333,0.886666666666667,3.55555555555556,3.55555555555556,0.0153846153846154,3.08,1,1,2.66666666666667,0.8,1.28,4.8,2.66666666666667,2.95555555555556,2.44444444444444,4.8,4.8,1.7,0.810752688172043,0
