"","A","C","D","E","F","G","H","I","K","L","M","N","P","Q","R","S","T","V","W","Y"
"A",0,3.3,0,0,6.42857142857143,0,2.33333333333333,1,2.4,3.75,2.4,1,0,1,2.33333333333333,0,0,1,9.80645161290323,6.33333333333333
"C",3.3,0,3.9,3.9,1.54285714285714,2.16,2,2.0125,2.86,2.53125,2.86,6,1.725,3.9,2,1,2.2,1.65,1.98387096774194,0.886666666666667
"D",0,3.9,0,0,4.28571428571429,0.533333333333333,0.555555555555556,2.5,0.533333333333333,3.5,2.33333333333333,0,1,0.111111111111111,1,0,1,2.5,4.61290322580645,3.55555555555556
"E",0,3.9,0,0,4.28571428571429,0.533333333333333,0.555555555555556,2.5,0.533333333333333,2.75,2.33333333333333,0,1,0.111111111111111,1,0,1,2.5,4.61290322580645,3.55555555555556
"F",6.42857142857143,1.54285714285714,4.28571428571429,4.28571428571429,0,3.14285714285714,1.52380952380952,0.428571428571429,3.14285714285714,0.357142857142857,0.742857142857143,6.42857142857143,2.48809523809524,3.61904761904762,2.48809523809524,6.42857142857143,3.03571428571429,1,0.80184331797235,0.0285714285714286
"G",0,2.16,0.533333333333333,0.533333333333333,3.14285714285714,0,1.4,2.1,1.44,2.7,2.56,0,1,1,1.86666666666667,0,0.4,1.5,3.27096774193548,3.08
"H",2.33333333333333,2,0.555555555555556,0.555555555555556,1.52380952380952,1.4,0,2,0.666666666666667,1.66666666666667,1.86666666666667,0,1,0,0.444444444444444,1,1.75,2,1.64516129032258,1
"I",1,2.0125,2.5,2.5,0.428571428571429,2.1,2,0,2.1,0,0.1,4.5,2,2.5,2,2.5,1,0,2.98387096774194,1
"K",2.4,2.86,0.533333333333333,0.533333333333333,3.14285714285714,1.44,0.666666666666667,2.1,0,2.2,1,0,1,0.533333333333333,0.0666666666666667,1,1,2.1,1.75483870967742,2.66666666666667
"L",3.75,2.53125,3.5,2.75,0.357142857142857,2.7,1.66666666666667,0,2.2,0,0,5.5,2.0625,2.08333333333333,2.0625,5.5,1.6875,0.15625,1.33064516129032,0.816666666666667
"M",2.4,2.86,2.33333333333333,2.33333333333333,0.742857142857143,2.56,1.86666666666667,0.1,1,0,0,4.2,1.86666666666667,1.6,1,2.4,1,0.3,2.03225806451613,1.58666666666667
"N",1,6,0,0,6.42857142857143,0,0,4.5,0,5.5,4.2,0,1,0,0,0,0,2.5,6.96774193548387,4.8
"P",0,1.725,1,1,2.48809523809524,1,1,2,1,2.0625,1.86666666666667,1,0,0.555555555555556,1,0,0.416666666666667,1.45833333333333,2.65591397849462,2.44444444444444
"Q",1,3.9,0.111111111111111,0.111111111111111,3.61904761904762,1,0,2.5,0.533333333333333,2.08333333333333,1.6,0,0.555555555555556,0,0.222222222222222,1,1,2.5,3.09677419354839,2.95555555555556
"R",2.33333333333333,2,1,1,2.48809523809524,1.86666666666667,0.444444444444444,2,0.0666666666666667,2.0625,1,0,1,0.222222222222222,0,1,1,2,0.290322580645161,2.44444444444444
"S",0,1,0,0,6.42857142857143,0,1,2.5,1,5.5,2.4,0,0,1,1,0,0,2.5,4.38709677419355,4.8
"T",0,2.2,1,1,3.03571428571429,0.4,1.75,1,1,1.6875,1,0,0.416666666666667,1,1,0,0,1,4.7741935483871,3
"V",1,1.65,2.5,2.5,1,1.5,2,0,2.1,0.15625,0.3,2.5,1.45833333333333,2.5,2,2.5,1,0,3.37096774193548,1.7
"W",9.80645161290323,1.98387096774194,4.61290322580645,4.61290322580645,0.80184331797235,3.27096774193548,1.64516129032258,2.98387096774194,1.75483870967742,1.33064516129032,2.03225806451613,6.96774193548387,2.65591397849462,3.09677419354839,0.290322580645161,4.38709677419355,4.7741935483871,3.37096774193548,0,0.810752688172043
"Y",6.33333333333333,0.886666666666667,3.55555555555556,3.55555555555556,0.0285714285714286,3.08,1,1,2.66666666666667,0.816666666666667,1.58666666666667,4.8,2.44444444444444,2.95555555555556,2.44444444444444,4.8,3,1.7,0.810752688172043,0
