"","A","C","D","E","F","G","H","I","K","L","M","N","P","Q","R","S","T","V","W","Y"
"A",0,3.3,0,0,6.53846153846154,0,2.4,1,1,3.85714285714286,2.5,1,0,1,2.4,0,0,1,8.4,6.33333333333333
"C",3.3,0,3.33333333333333,3.33333333333333,1.56923076923077,2.0125,2.16,1.65,2.8125,2.41428571428571,2.8125,6,1.84,3.33333333333333,2.16,1,3.3,1.65,1.885,0.886666666666667
"D",0,3.33333333333333,0,0,4.38461538461539,0.5,0.533333333333333,2.5,0.5,2.85714285714286,2.5,0,1,0.111111111111111,1,0,1,2.5,4.11111111111111,3.55555555555556
"E",0,3.33333333333333,0,0,3.69230769230769,0.5,0.533333333333333,2.5,0.5,2.85714285714286,2.5,0,1,0.111111111111111,1,0,1,1.66666666666667,4.11111111111111,3.55555555555556
"F",6.53846153846154,1.56923076923077,4.38461538461538,3.69230769230769,0,3.11538461538462,1.61538461538462,0.423076923076923,3.11538461538462,0.296703296703297,0.692307692307692,6.53846153846154,2.76923076923077,3.05128205128205,2.76923076923077,6.53846153846154,4.92307692307692,1,0.78974358974359,0.0153846153846154
"G",0,2.0125,0.5,0.5,3.11538461538462,0,1.5,2.25,1.5625,3.14285714285714,2.25,0,1,1,2.1,0,0,1.5625,3.8,3
"H",2.4,2.16,0.533333333333333,0.533333333333333,1.61538461538462,1.5,0,2.1,0.6,1.8,1.5,0,1,0,0.36,1,2.4,2.1,1.76,1
"I",1,1.65,2.5,2.5,0.423076923076923,2.25,2.1,0,2.25,0,0.0625,4.5,1.5,2.5,2.1,2.5,1,0.0625,2.625,1
"K",1,2.8125,0.5,0.5,3.11538461538462,1.5625,0.6,2.25,0,2.5,1,0,1,0.5,0,1,1,2.25,1.925,3
"L",3.85714285714286,2.41428571428571,2.85714285714286,2.85714285714286,0.296703296703297,3.14285714285714,1.8,0,2.5,0,0,5.71428571428571,1.8,2.14285714285714,2.28571428571429,3.85714285714286,2.28571428571429,0.142857142857143,1.37142857142857,0.8
"M",2.5,2.8125,2.5,2.5,0.692307692307692,2.25,1.5,0.0625,1,0,0,2.5,1.5,1.66666666666667,1,2.5,1,0.25,2.26666666666667,1.33333333333333
"N",1,6,0,0,6.53846153846154,0,0,4.5,0,5.71428571428571,2.5,0,1,0,0,0,1,2.5,7,4.8
"P",0,1.84,1,1,2.76923076923077,1,1,1.5,1,1.8,1.5,1,0,0.533333333333333,1,0,0,1.5,2.64,2.66666666666667
"Q",1,3.33333333333333,0.111111111111111,0.111111111111111,3.05128205128205,1,0,2.5,0.5,2.14285714285714,1.66666666666667,0,0.533333333333333,0,0.2,1,1,1.66666666666667,3.11111111111111,2.95555555555556
"R",2.4,2.16,1,1,2.76923076923077,2.1,0.36,2.1,0,2.28571428571429,1,0,1,0.2,0,1,1,2.1,0.173333333333333,2.28
"S",0,1,0,0,6.53846153846154,0,1,2.5,1,3.85714285714286,2.5,0,0,1,1,0,0,2.5,4.4,4.8
"T",0,3.3,1,1,4.92307692307692,0,2.4,1,1,2.28571428571429,1,1,0,1,1,0,0,1,8.4,4.8
"V",1,1.65,2.5,1.66666666666667,1,1.5625,2.1,0.0625,2.25,0.142857142857143,0.25,2.5,1.5,1.66666666666667,2.1,2.5,1,0,3,1.7
"W",8.4,1.885,4.11111111111111,4.11111111111111,0.78974358974359,3.8,1.76,2.625,1.925,1.37142857142857,2.26666666666667,7,2.64,3.11111111111111,0.173333333333333,4.4,8.4,3,0,0.808888888888889
"Y",6.33333333333333,0.886666666666667,3.55555555555556,3.55555555555556,0.0153846153846154,3,1,1,3,0.8,1.33333333333333,4.8,2.66666666666667,2.95555555555556,2.28,4.8,4.8,1.7,0.808888888888889,0
