"","A","C","D","E","F","G","H","I","K","L","M","N","P","Q","R","S","T","V","W","Y"
"A",0,3.35294117647059,0,0,5.09090909090909,0,2.4,1,2.5,3.85714285714286,2.4,1,0,1,2.4,0,0,1,8.61538461538461,4.92307692307692
"C",3.35294117647059,0,3.45098039215686,3.45098039215686,1.68449197860963,2.05882352941176,1.88235294117647,1.67647058823529,2.91176470588235,2.51260504201681,2.58823529411765,4.70588235294118,1.56470588235294,3.45098039215686,2.22352941176471,1,3.35294117647059,1.67647058823529,1.92307692307692,0.868778280542986
"D",0,3.45098039215686,0,0,3.87878787878788,0.5,0.533333333333333,2.5,0.5,2.85714285714286,2.33333333333333,0,1,0.111111111111111,1,0,1,2.5,4.23076923076923,3.05128205128205
"E",0,3.45098039215686,0,0,3.87878787878788,0.5,0.533333333333333,2.5,0.5,2.85714285714286,2.33333333333333,0,1,0.111111111111111,1,1,1,1.66666666666667,4.23076923076923,3.05128205128205
"F",5.09090909090909,1.68449197860963,3.87878787878788,3.87878787878788,0,3.27272727272727,1.65454545454545,0.409090909090909,3.27272727272727,0.415584415584416,0.727272727272727,5.09090909090909,2.45454545454545,3.18181818181818,2.45454545454545,5.09090909090909,5.09090909090909,1,0.755244755244755,0.020979020979021
"G",0,2.05882352941176,0.5,0.5,3.27272727272727,0,1.5,2.25,1.5625,2.5,2.1,0,1,1,2.1,0,0,1.5625,3.49038461538462,3.11538461538462
"H",2.4,1.88235294117647,0.533333333333333,0.533333333333333,1.65454545454545,1.5,0,2.1,0.6,1.8,1.44,0,1,0,0.36,1,2.4,2.1,1.50769230769231,1
"I",1,1.67647058823529,2.5,2.5,0.409090909090909,2.25,2.1,0,2.25,0.142857142857143,0.3,2.5,1.5,2.5,2.1,2.5,1,0.0625,2.68269230769231,1
"K",2.5,2.91176470588235,0.5,0.5,3.27272727272727,1.5625,0.6,2.25,0,1.92857142857143,1,0,1,0.5,0,1,1,2.25,1.95192307692308,2.61538461538462
"L",3.85714285714286,2.51260504201681,2.85714285714286,2.85714285714286,0.415584415584416,2.5,1.8,0.142857142857143,1.92857142857143,0,0.0857142857142857,5.71428571428571,1.8,2.14285714285714,2.28571428571429,3.85714285714286,2.28571428571429,0.142857142857143,1.38461538461538,1
"M",2.4,2.58823529411765,2.33333333333333,2.33333333333333,0.727272727272727,2.1,1.44,0.3,1,0.0857142857142857,0,2.4,1.44,1.6,1,2.4,1,0.3,2.07692307692308,1.29230769230769
"N",1,4.70588235294118,0,0,5.09090909090909,0,0,2.5,0,5.71428571428571,2.4,0,1,0,0,0,1,2.5,5.76923076923077,4.92307692307692
"P",0,1.56470588235294,1,1,2.45454545454545,1,1,1.5,1,1.8,1.44,1,0,1,1,0,0,1.5,2.70769230769231,2.76923076923077
"Q",1,3.45098039215686,0.111111111111111,0.111111111111111,3.18181818181818,1,0,2.5,0.5,2.14285714285714,1.6,0,1,0,0.533333333333333,1,1,1.66666666666667,3.17948717948718,3.05128205128205
"R",2.4,2.22352941176471,1,1,2.45454545454545,2.1,0.36,2.1,0,2.28571428571429,1,0,1,0.533333333333333,0,1,1,2.1,0.353846153846154,2.35384615384615
"S",0,1,0,1,5.09090909090909,0,1,2.5,1,3.85714285714286,2.4,0,0,1,1,0,0,2.5,4.46153846153846,4.92307692307692
"T",0,3.35294117647059,1,1,5.09090909090909,0,2.4,1,1,2.28571428571429,1,1,0,1,1,0,0,1,7.15384615384615,4.92307692307692
"V",1,1.67647058823529,2.5,1.66666666666667,1,1.5625,2.1,0.0625,2.25,0.142857142857143,0.3,2.5,1.5,1.66666666666667,2.1,2.5,1,0,3.07692307692308,1.73076923076923
"W",8.61538461538461,1.92307692307692,4.23076923076923,4.23076923076923,0.755244755244755,3.49038461538462,1.50769230769231,2.68269230769231,1.95192307692308,1.38461538461538,2.07692307692308,5.76923076923077,2.70769230769231,3.17948717948718,0.353846153846154,4.46153846153846,7.15384615384615,3.07692307692308,0,0.887573964497041
"Y",4.92307692307692,0.868778280542986,3.05128205128205,3.05128205128205,0.020979020979021,3.11538461538462,1,1,2.61538461538462,1,1.29230769230769,4.92307692307692,2.76923076923077,3.05128205128205,2.35384615384615,4.92307692307692,4.92307692307692,1.73076923076923,0.887573964497041,0
