"","A","C","D","E","F","G","H","I","K","L","M","N","P","Q","R","S","T","V","W","Y"
"A",0,3.27272727272727,0,0,6.42857142857143,0,2.4,1,1,3.75,2.5,0,0,1,2.33333333333333,0,0,1,9.6,6.25
"C",3.27272727272727,0,3.27272727272727,3.27272727272727,1.51948051948052,1.81818181818182,2.12727272727273,1.63636363636364,3.18181818181818,2.22727272727273,3.18181818181818,5.90909090909091,1.81818181818182,3.81818181818182,1.96969696969697,1,3.27272727272727,1.63636363636364,1.87012987012987,0.795454545454545
"D",0,3.27272727272727,0,0,4.28571428571429,0.533333333333333,0.533333333333333,2.5,0.5,3.5,2.5,0,1,0.111111111111111,1,0,1,2.5,4.5047619047619,3.5
"E",0,3.27272727272727,0,0,4.28571428571429,0.533333333333333,0.533333333333333,2.5,0.5,2.75,2.5,0,1,0.111111111111111,1,0,1,1.66666666666667,4.5047619047619,3.5
"F",6.42857142857143,1.51948051948052,4.28571428571429,4.28571428571429,0,3.14285714285714,1.6,0.428571428571429,3.05357142857143,0.357142857142857,0.696428571428571,6.42857142857143,2.71428571428571,3.61904761904762,2.48809523809524,6.42857142857143,4.85714285714286,1,0.718367346938775,0.0133928571428571
"G",0,1.81818181818182,0.533333333333333,0.533333333333333,3.14285714285714,0,1.44,2.1,1.5,2.7,2.1,0,0.64,1,1.4,0,0,1.5,3.19428571428571,3.025
"H",2.4,2.12727272727273,0.533333333333333,0.533333333333333,1.6,1.44,0,2.1,0.6,1.75,1.5,0,1,0,0.4,1,1,2.1,1.73714285714286,1
"I",1,1.63636363636364,2.5,2.5,0.428571428571429,2.1,2.1,0,2.25,0,0.0625,4.5,1.5,2.5,2,2.5,1,0.0625,2.57142857142857,1
"K",1,3.18181818181818,0.5,0.5,3.05357142857143,1.5,0.6,2.25,0,2.40625,1,0,1,0.5,0,1,1,2.25,1.9,2.953125
"L",3.75,2.22727272727273,3.5,2.75,0.357142857142857,2.7,1.75,0,2.40625,0,0,5.5,1.75,2.08333333333333,2.0625,3.75,2.25,0.15625,1.32142857142857,0.8203125
"M",2.5,3.18181818181818,2.5,2.5,0.696428571428571,2.1,1.5,0.0625,1,0,0,2.5,1.5,1.66666666666667,1,2.5,1,0.25,2.22857142857143,1.328125
"N",0,5.90909090909091,0,0,6.42857142857143,0,0,4.5,0,5.5,2.5,0,1,0,0,0,1,2.5,6.85714285714286,4.75
"P",0,1.81818181818182,1,1,2.71428571428571,0.64,1,1.5,1,1.75,1.5,1,0,0.533333333333333,1,0,0,1.5,2.57714285714286,2.625
"Q",1,3.81818181818182,0.111111111111111,0.111111111111111,3.61904761904762,1,0,2.5,0.5,2.08333333333333,1.66666666666667,0,0.533333333333333,0,0.222222222222222,1,1,1.66666666666667,3.04761904761905,2.91666666666667
"R",2.33333333333333,1.96969696969697,1,1,2.48809523809524,1.4,0.4,2,0,2.0625,1,0,1,0.222222222222222,0,1,1,2,0.295238095238095,2.40625
"S",0,1,0,0,6.42857142857143,0,1,2.5,1,3.75,2.5,0,0,1,1,0,0,2.5,5.57142857142857,4.75
"T",0,3.27272727272727,1,1,4.85714285714286,0,1,1,1,2.25,1,1,0,1,1,0,0,1,8.2,4.75
"V",1,1.63636363636364,2.5,1.66666666666667,1,1.5,2.1,0.0625,2.25,0.15625,0.25,2.5,1.5,1.66666666666667,2,2.5,1,0,3.3,1.6875
"W",9.6,1.87012987012987,4.5047619047619,4.5047619047619,0.718367346938775,3.19428571428571,1.73714285714286,2.57142857142857,1.9,1.32142857142857,2.22857142857143,6.85714285714286,2.57714285714286,3.04761904761905,0.295238095238095,5.57142857142857,8.2,3.3,0,0.825
"Y",6.25,0.795454545454545,3.5,3.5,0.0133928571428571,3.025,1,1,2.953125,0.8203125,1.328125,4.75,2.625,2.91666666666667,2.40625,4.75,4.75,1.6875,0.825,0
