"","A","C","D","E","F","G","H","I","K","L","M","N","P","Q","R","S","T","V","W","Y"
"A",0,3.11111111111111,1.8,1.37142857142857,3.85,1,3.25,2.28571428571429,3.66666666666667,3,2.08,1.86666666666667,1,2.28571428571429,3.25,0.64,0.666666666666667,1.4,5.30769230769231,3.66666666666667
"C",3.11111111111111,0,5.12698412698413,5.12698412698413,4.25,3.85185185185185,2.91666666666667,2.26984126984127,5.62962962962963,6.2962962962963,4.22222222222222,3.85185185185185,3.0952380952381,5.12698412698413,2.91666666666667,1.33333333333333,2.85185185185185,2.40740740740741,4.48717948717949,1.49382716049383
"D",1.8,5.12698412698413,0,0.326530612244898,6.10714285714286,1.71428571428571,1.60714285714286,2.93877551020408,1.71428571428571,5.71428571428571,3.4,0.476190476190476,2.93877551020408,1.30612244897959,3.25,1.8,2.14285714285714,3.71428571428571,4.74725274725275,4.04761904761905
"E",1.37142857142857,5.12698412698413,0.326530612244898,0,5.46428571428571,1.71428571428571,1.96428571428571,2.46938775510204,2.14285714285714,4.33333333333333,2.57142857142857,1,2.04081632653061,0.510204081632653,3.25,1.8,2.61904761904762,2.61904761904762,5.21978021978022,3.55555555555556
"F",3.85,4.25,6.10714285714286,5.46428571428571,0,4.0625,2.25,1.28571428571429,6,1.3125,1.5,3.5,3.75,4.85714285714286,3.515625,3.25,3.5,2.97916666666667,1.69230769230769,0.416666666666667
"G",1,3.85185185185185,1.71428571428571,1.71428571428571,4.0625,0,3.5,4.33333333333333,3.36111111111111,5.44444444444444,3.2,1.36111111111111,2.61904761904762,3.14285714285714,4.0625,1,2.25,2.77777777777778,5.23076923076923,5.62962962962963
"H",3.25,2.91666666666667,1.60714285714286,1.96428571428571,2.25,3.5,0,3.25,2.5,2.5,3.1875,0.729166666666667,1.60714285714286,0.535714285714286,1,2.7,2.97916666666667,2.97916666666667,2.25,1.52777777777778
"I",2.28571428571429,2.26984126984127,2.93877551020408,2.46938775510204,1.28571428571429,4.33333333333333,3.25,0,2.61904761904762,1,0.771428571428571,2.61904761904762,3.44897959183673,2.93877551020408,2.35714285714286,2.82857142857143,1.33333333333333,0.285714285714286,4.2967032967033,2.26984126984127
"K",3.66666666666667,5.62962962962963,1.71428571428571,2.14285714285714,6,3.36111111111111,2.5,2.61904761904762,0,4,1,1,2.61904761904762,1.33333333333333,0.5,1.86666666666667,1.77777777777778,4,3.76923076923077,3.85185185185185
"L",3,6.2962962962963,5.71428571428571,4.33333333333333,1.3125,5.44444444444444,2.5,1,4,0,0.533333333333333,3.36111111111111,3.14285714285714,2.14285714285714,3.5,4.4,3.36111111111111,1.36111111111111,2.17948717948718,2.85185185185185
"M",2.08,4.22222222222222,3.4,2.57142857142857,1.5,3.2,3.1875,0.771428571428571,1,0.533333333333333,0,3.2,2.97142857142857,1.54285714285714,1.5,2.52,1.6,1,3.21538461538462,3.02222222222222
"N",1.86666666666667,3.85185185185185,0.476190476190476,1,3.5,1.36111111111111,0.729166666666667,2.61904761904762,1,3.36111111111111,3.2,0,2.61904761904762,1.71428571428571,2.0625,0.666666666666667,1.36111111111111,3.36111111111111,2.92307692307692,2
"P",1,3.0952380952381,2.93877551020408,2.04081632653061,3.75,2.61904761904762,1.60714285714286,3.44897959183673,2.61904761904762,3.14285714285714,2.97142857142857,2.61904761904762,0,1.30612244897959,1.60714285714286,1,1.71428571428571,2.61904761904762,4.2967032967033,5.12698412698413
"Q",2.28571428571429,5.12698412698413,1.30612244897959,0.510204081632653,4.85714285714286,3.14285714285714,0.535714285714286,2.93877551020408,1.33333333333333,2.14285714285714,1.54285714285714,1.71428571428571,1.30612244897959,0,1,2.28571428571429,2.61904761904762,3.14285714285714,3.86813186813187,4.04761904761905
"R",3.25,2.91666666666667,3.25,3.25,3.515625,4.0625,1,2.35714285714286,0.5,3.5,1.5,2.0625,1.60714285714286,1,0,1.75,2.5,2.97916666666667,1,3.77777777777778
"S",0.64,1.33333333333333,1.8,1.8,3.25,1,2.7,2.82857142857143,1.86666666666667,4.4,2.52,0.666666666666667,1,2.28571428571429,1.75,0,0.666666666666667,3,2.35384615384615,3.11111111111111
"T",0.666666666666667,2.85185185185185,2.14285714285714,2.61904761904762,3.5,2.25,2.97916666666667,1.33333333333333,1.77777777777778,3.36111111111111,1.6,1.36111111111111,1.71428571428571,2.61904761904762,2.5,0.666666666666667,0,1.36111111111111,4.23076923076923,2.85185185185185
"V",1.4,2.40740740740741,3.71428571428571,2.61904761904762,2.97916666666667,2.77777777777778,2.97916666666667,0.285714285714286,4,1.36111111111111,1,3.36111111111111,2.61904761904762,3.14285714285714,2.97916666666667,3,1.36111111111111,0,5.23076923076923,2.85185185185185
"W",5.30769230769231,4.48717948717949,4.74725274725275,5.21978021978022,1.69230769230769,5.23076923076923,2.25,4.2967032967033,3.76923076923077,2.17948717948718,3.21538461538462,2.92307692307692,4.2967032967033,3.86813186813187,1,2.35384615384615,4.23076923076923,5.23076923076923,0,1.64102564102564
"Y",3.66666666666667,1.49382716049383,4.04761904761905,3.55555555555556,0.416666666666667,5.62962962962963,1.52777777777778,2.26984126984127,3.85185185185185,2.85185185185185,3.02222222222222,2,5.12698412698413,4.04761904761905,3.77777777777778,3.11111111111111,2.85185185185185,2.85185185185185,1.64102564102564,0
