"","A","C","D","E","F","G","H","I","K","L","M","N","P","Q","R","S","T","V","W","Y"
"A",0,2.05882352941176,1,1,1.8,1,1.71428571428571,1,1,1.5625,0.625,1,1.36363636363636,0.65625,1.40625,0.5625,0.6,0.6,2.8125,2.88888888888889
"C",2.05882352941176,0,1.56862745098039,0.784313725490196,1.52941176470588,1.85294117647059,1.7563025210084,1.49019607843137,2.05882352941176,1,1.49019607843137,1.19117647058824,1.49732620320856,1.39705882352941,1.39705882352941,1.67647058823529,1.56470588235294,1.56470588235294,1.22941176470588,2.25490196078431
"D",1,1.56862745098039,0,0.740740740740741,2.33333333333333,1.25,1.3968253968254,2.40740740740741,1,1.38888888888889,2,0.777777777777778,1.21212121212121,1.25,1.25,1,1.33333333333333,1.71111111111111,1.73333333333333,1.23456790123457
"E",1,0.784313725490196,0.740740740740741,0,2.33333333333333,1.66666666666667,1,2.25,0.333333333333333,1.45833333333333,1.36111111111111,1.3125,0.757575757575758,0.5,1.3125,1,1.86666666666667,2.4,1.225,1.62962962962963
"F",1.8,1.52941176470588,2.33333333333333,2.33333333333333,0,1.7875,1.57857142857143,1,1.375,0.4,1.6,1.2375,1.90909090909091,1.7875,1.2375,1.375,1.68,0.72,0.855,0.466666666666667
"G",1,1.85294117647059,1.25,1.66666666666667,1.7875,0,1.66964285714286,1.3125,1.40625,1.875,1.66666666666667,1,1.22727272727273,1.5625,1.5625,1,1.75,2.2,0.83125,1.83333333333333
"H",1.71428571428571,1.7563025210084,1.3968253968254,1,1.57857142857143,1.66964285714286,0,1.52380952380952,1.71428571428571,1.33928571428571,0.571428571428571,1.20535714285714,0.844155844155844,1,1.20535714285714,1.33928571428571,1.6,1.94285714285714,1.69642857142857,1
"I",1,1.49019607843137,2.40740740740741,2.25,1,1.3125,1.52380952380952,0,2,0.333333333333333,0.694444444444445,1,1.90909090909091,1.66666666666667,2.0625,1.45833333333333,1,0.0666666666666667,1.725,1.2962962962963
"K",1,2.05882352941176,1,0.333333333333333,1.375,1.40625,1.71428571428571,2,0,2.25,0.333333333333333,1,0.681818181818182,1,0.65625,1,1.5,2.1,1.65,1.38888888888889
"L",1.5625,1,1.38888888888889,1.45833333333333,0.4,1.875,1.33928571428571,0.333333333333333,2.25,0,0.333333333333333,1.875,2.22727272727273,1.875,1.875,2.25,1,0.6,1.65,0.166666666666667
"M",0.625,1.49019607843137,2,1.36111111111111,1.6,1.66666666666667,0.571428571428571,0.694444444444445,0.333333333333333,0.333333333333333,0,1,2.27272727272727,1.3125,1,2,1,1,1.725,1.2962962962963
"N",1,1.19117647058824,0.777777777777778,1.3125,1.2375,1,1.20535714285714,1,1,1.875,1,0,1.75,1.265625,1.5625,1,0.7,1.75,2.53125,2.16666666666667
"P",1.36363636363636,1.49732620320856,1.21212121212121,0.757575757575758,1.90909090909091,1.22727272727273,0.844155844155844,1.90909090909091,0.681818181818182,2.22727272727273,2.27272727272727,1.75,0,1,1.22727272727273,1.36363636363636,1,2.45454545454545,1.46363636363636,1.44444444444444
"Q",0.65625,1.39705882352941,1.25,0.5,1.7875,1.5625,1,1.66666666666667,1,1.875,1.3125,1.265625,1,0,0.390625,1.40625,1,2.2,1.18125,1.25
"R",1.40625,1.39705882352941,1.25,1.3125,1.2375,1.5625,1.20535714285714,2.0625,0.65625,1.875,1,1.5625,1.22727272727273,0.390625,0,1.40625,2.2,1.35,1,1
"S",0.5625,1.67647058823529,1,1,1.375,1,1.33928571428571,1.45833333333333,1,2.25,2,1,1.36363636363636,1.40625,1.40625,0,0.3,1.5,2.0125,1.83333333333333
"T",0.6,1.56470588235294,1.33333333333333,1.86666666666667,1.68,1.75,1.6,1,1.5,1,1,0.7,1,1,2.2,0.3,0,0.64,2.5,1.33333333333333
"V",0.6,1.56470588235294,1.71111111111111,2.4,0.72,2.2,1.94285714285714,0.0666666666666667,2.1,0.6,1,1.75,2.45454545454545,2.2,1.35,1.5,0.64,0,1.84,0.711111111111111
"W",2.8125,1.22941176470588,1.73333333333333,1.225,0.855,0.83125,1.69642857142857,1.725,1.65,1.65,1.725,2.53125,1.46363636363636,1.18125,1,2.0125,2.5,1.84,0,0.333333333333333
"Y",2.88888888888889,2.25490196078431,1.23456790123457,1.62962962962963,0.466666666666667,1.83333333333333,1,1.2962962962963,1.38888888888889,0.166666666666667,1.2962962962963,2.16666666666667,1.44444444444444,1.25,1,1.83333333333333,1.33333333333333,0.711111111111111,0.333333333333333,0
