"","A","C","D","E","F","G","H","I","K","L","M","N","P","Q","R","S","T","V","W","Y"
"A",0,1.29230769230769,1.75,1.4,2.2,1,1.68,1.44,1.4,1.96,1.37142857142857,1.37142857142857,1.32,1.37142857142857,1.8,0.64,1,1,1.92,1.75
"C",1.29230769230769,0,1.96153846153846,1.84615384615385,1.44230769230769,1.69230769230769,1.6,1.61538461538462,1.84615384615385,1.61538461538462,1.48351648351648,1.48351648351648,1.83076923076923,1.75824175824176,2.05494505494506,1.29230769230769,1.29230769230769,1.29230769230769,1.84615384615385,1.69230769230769
"D",1.75,1.96153846153846,0,0.5,2.640625,1.265625,1.2375,2.7,1.3125,2.7,2.35714285714286,0.535714285714286,1.2375,1,1.60714285714286,1,1.35,2.7,2.16666666666667,1.890625
"E",1.4,1.84615384615385,0.5,0,2.0625,2.0625,1,3,0.694444444444445,2.4,1.71428571428571,1,1.28333333333333,0.476190476190476,1,1.4,1.4,2.4,1.8,1.66666666666667
"F",2.2,1.44230769230769,2.640625,2.0625,0,2.25,1.2375,1,2.5,0.7,1,2.35714285714286,2.1,2.35714285714286,1.96428571428571,2.2,1.75,1.35,0.816666666666667,0.25
"G",1,1.69230769230769,1.265625,2.0625,2.25,0,1.5,2.7,1.66666666666667,2.7,1.96428571428571,1,1.5,1.60714285714286,1.96428571428571,1,1.75,2.7,1.65,1.890625
"H",1.68,1.6,1.2375,1,1.2375,1.5,0,2.52,1,2.08,1.25714285714286,0.771428571428571,1.44,0.771428571428571,1,1.32,1.68,2.52,1.56,0.6
"I",1.44,1.61538461538462,2.7,3,1,2.7,2.52,0,2.4,0.36,0.428571428571429,2.28571428571429,2.08,2.28571428571429,2.82857142857143,2.56,1.44,0.04,1.92,1.35
"K",1.4,1.84615384615385,1.3125,0.694444444444445,2.5,1.66666666666667,1,2.4,0,2.4,1.71428571428571,1,1.28333333333333,0.476190476190476,0.285714285714286,1,1.4,2.4,1.8,1.66666666666667
"L",1.96,1.61538461538462,2.7,2.4,0.7,2.7,2.08,0.36,2.4,0,0.228571428571429,2.82857142857143,2.52,1.8,2.28571428571429,2.56,1.44,0.64,1.58666666666667,1.35
"M",1.37142857142857,1.48351648351648,2.35714285714286,1.71428571428571,1,1.96428571428571,1.25714285714286,0.428571428571429,1.71428571428571,0.228571428571429,0,1.6530612244898,1.85714285714286,1,1.6530612244898,1.8,1.37142857142857,0.685714285714286,1.21904761904762,1
"N",1.37142857142857,1.48351648351648,0.535714285714286,1,2.35714285714286,1,0.771428571428571,2.28571428571429,1,2.82857142857143,1.6530612244898,0,1.54285714285714,1,1.30612244897959,0.685714285714286,1,2.28571428571429,1.99047619047619,1.60714285714286
"P",1.32,1.83076923076923,1.2375,1.28333333333333,2.1,1.5,1.44,2.08,1.28333333333333,2.52,1.85714285714286,1.54285714285714,0,1.25714285714286,1.85714285714286,1.32,1.32,2.08,1.77333333333333,1.7875
"Q",1.37142857142857,1.75824175824176,1,0.476190476190476,2.35714285714286,1.60714285714286,0.771428571428571,2.28571428571429,0.476190476190476,1.8,1,1,1.25714285714286,0,0.73469387755102,1,1.37142857142857,2.28571428571429,1.21904761904762,1.28571428571429
"R",1.8,2.05494505494506,1.60714285714286,1,1.96428571428571,1.96428571428571,1,2.82857142857143,0.285714285714286,2.28571428571429,1.6530612244898,1.30612244897959,1.85714285714286,0.73469387755102,0,1.37142857142857,1.37142857142857,2.28571428571429,1.71428571428571,1.28571428571429
"S",0.64,1.29230769230769,1,1.4,2.2,1,1.32,2.56,1,2.56,1.8,0.685714285714286,1.32,1,1.37142857142857,0,0.36,1.96,2.28,1.75
"T",1,1.29230769230769,1.35,1.4,1.75,1.75,1.68,1.44,1.4,1.44,1.37142857142857,1,1.32,1.37142857142857,1.37142857142857,0.36,0,1,1.92,1.75
"V",1,1.29230769230769,2.7,2.4,1.35,2.7,2.52,0.04,2.4,0.64,0.685714285714286,2.28571428571429,2.08,2.28571428571429,2.28571428571429,1.96,1,0,1.92,1.35
"W",1.92,1.84615384615385,2.16666666666667,1.8,0.816666666666667,1.65,1.56,1.92,1.8,1.58666666666667,1.21904761904762,1.99047619047619,1.77333333333333,1.21904761904762,1.71428571428571,2.28,1.92,1.92,0,0.65
"Y",1.75,1.69230769230769,1.890625,1.66666666666667,0.25,1.890625,0.6,1.35,1.66666666666667,1.35,1,1.60714285714286,1.7875,1.28571428571429,1.28571428571429,1.75,1.75,1.35,0.65,0
