"","A","C","D","E","F","G","H","I","K","L","M","N","P","Q","R","S","T","V","W","Y"
"A",0,1,2,1.5,2,1,1.92857142857143,1.5625,1.5625,1.5625,1.5,1.45833333333333,1.42857142857143,1.5,1.5,0.5625,1,1,2.275,2
"C",1,0,2,2.13333333333333,1.62962962962963,1.62962962962963,1.9047619047619,1.38888888888889,2.33333333333333,1.38888888888889,1.33333333333333,1.62962962962963,1.9047619047619,2.13333333333333,2.13333333333333,1.38888888888889,1.38888888888889,1.38888888888889,1.46666666666667,1.62962962962963
"D",2,2,0,0.4,2.25,1.36111111111111,1.33333333333333,2.625,1.45833333333333,2.625,2.4,0.694444444444445,1.33333333333333,1,1.4,1,1.45833333333333,2.625,2.33333333333333,2.25
"E",1.5,2.13333333333333,0.4,0,2.4,1.86666666666667,1,2.8,0.6,2.8,1.96,1,1.37142857142857,0.36,1,1,1.5,2.1,2.08,1.86666666666667
"F",2,1.62962962962963,2.25,2.4,0,2.25,1.33333333333333,1,2.625,1,1,2.25,2.61904761904762,2.4,2.4,2,2,1.45833333333333,0.75,0.25
"G",1,1.62962962962963,1.36111111111111,1.86666666666667,2.25,0,1.71428571428571,2.625,1.45833333333333,3.33333333333333,1.86666666666667,1,1.71428571428571,1.86666666666667,1.86666666666667,1,2,2.625,1.6,2.25
"H",1.92857142857143,1.9047619047619,1.33333333333333,1,1.33333333333333,1.71428571428571,0,2.5,1.42857142857143,2.5,1.37142857142857,0.714285714285714,1.6530612244898,0.685714285714286,1,1.42857142857143,1.92857142857143,2.5,1.54285714285714,0.476190476190476
"I",1.5625,1.38888888888889,2.625,2.8,1,2.625,2.5,0,3.0625,0.25,0.6,2.625,2.5,2.8,2.8,2.25,1.5625,0.0625,1.8,1.45833333333333
"K",1.5625,2.33333333333333,1.45833333333333,0.6,2.625,1.45833333333333,1.42857142857143,3.0625,0,2.25,1.5,1,1.42857142857143,0.6,0.3,1,1.5625,2.25,2.275,2
"L",1.5625,1.38888888888889,2.625,2.8,1,3.33333333333333,2.5,0.25,2.25,0,0.3,2.625,2.5,2.1,2.1,2.25,1.5625,0.5625,1.8,1.45833333333333
"M",1.5,1.33333333333333,2.4,1.96,1,1.86666666666667,1.37142857142857,0.6,1.5,0.3,0,1.86666666666667,1.8,1,1.44,1.5,1.5,0.6,1.32,1.4
"N",1.45833333333333,1.62962962962963,0.694444444444445,1,2.25,1,0.714285714285714,2.625,1,2.625,1.86666666666667,0,1.71428571428571,1,1,0.625,1,2.625,2.33333333333333,1.77777777777778
"P",1.42857142857143,1.9047619047619,1.33333333333333,1.37142857142857,2.61904761904762,1.71428571428571,1.6530612244898,2.5,1.42857142857143,2.5,1.8,1.71428571428571,0,1.37142857142857,1.8,1.42857142857143,1.42857142857143,1.92857142857143,2.2,2.14285714285714
"Q",1.5,2.13333333333333,1,0.36,2.4,1.86666666666667,0.685714285714286,2.8,0.6,2.1,1,1,1.37142857142857,0,0.64,1,1.5,2.1,1.68,1.4
"R",1.5,2.13333333333333,1.4,1,2.4,1.86666666666667,1,2.8,0.3,2.1,1.44,1,1.8,0.64,0,1.5,1.5,2.1,2.08,1.86666666666667
"S",0.5625,1.38888888888889,1,1,2,1,1.42857142857143,2.25,1,2.25,1.5,0.625,1.42857142857143,1,1.5,0,0.5625,2.25,2.275,2
"T",1,1.38888888888889,1.45833333333333,1.5,2,2,1.92857142857143,1.5625,1.5625,1.5625,1.5,1,1.42857142857143,1.5,1.5,0.5625,0,1,1.8,2
"V",1,1.38888888888889,2.625,2.1,1.45833333333333,2.625,2.5,0.0625,2.25,0.5625,0.6,2.625,1.92857142857143,2.1,2.1,2.25,1,0,2.275,1.45833333333333
"W",2.275,1.46666666666667,2.33333333333333,2.08,0.75,1.6,1.54285714285714,1.8,2.275,1.8,1.32,2.33333333333333,2.2,1.68,2.08,2.275,1.8,2.275,0,0.533333333333333
"Y",2,1.62962962962963,2.25,1.86666666666667,0.25,2.25,0.476190476190476,1.45833333333333,2,1.45833333333333,1.4,1.77777777777778,2.14285714285714,1.4,1.86666666666667,2,2,1.45833333333333,0.533333333333333,0
