"","A","C","D","E","F","G","H","I","K","L","M","N","P","Q","R","S","T","V","W","Y"
"A",0,1,1.75,1.37142857142857,2.13333333333333,1,1.65454545454545,1.86666666666667,1.4,1.86666666666667,1.35,1.75,1.32,1.37142857142857,1.75,0.36,1,1,2.28,1.71111111111111
"C",1,0,1.96153846153846,2.05494505494506,1.64102564102564,1.69230769230769,1.78321678321678,1.53846153846154,2.17948717948718,1.53846153846154,1.44230769230769,1.69230769230769,1.6,2.05494505494506,1.96153846153846,1.29230769230769,1.25641025641026,1.29230769230769,1.65641025641026,1.64102564102564
"D",1.75,1.96153846153846,0,0.535714285714286,2.52777777777778,1.5625,1.22727272727273,2.5,1.3125,2.97916666666667,2.25,0.5625,1.5,1,1.5625,1,1.3125,2.7,2.16666666666667,1.83333333333333
"E",1.37142857142857,2.05494505494506,0.535714285714286,0,2.26984126984127,1.96428571428571,1.24675324675325,2.61904761904762,0.714285714285714,2.61904761904762,1.96428571428571,1,1.25714285714286,0.510204081632653,1,1,1.33333333333333,2.28571428571429,1.71428571428571,1.57142857142857
"F",2.13333333333333,1.64102564102564,2.52777777777778,2.26984126984127,0,2.16666666666667,1.21212121212121,1,2.40740740740741,0.740740740740741,1,2.16666666666667,2.33333333333333,2.26984126984127,1.83333333333333,2.13333333333333,2,1.33333333333333,0.674074074074074,0.308641975308642
"G",1,1.69230769230769,1.5625,1.96428571428571,2.16666666666667,0,1.47727272727273,2.97916666666667,1.66666666666667,2.97916666666667,1.890625,1,1.7875,1.60714285714286,1.890625,1,1.66666666666667,2.7,1.65,2.16666666666667
"H",1.65454545454545,1.78321678321678,1.22727272727273,1.24675324675325,1.21212121212121,1.47727272727273,0,2.27272727272727,1,1.90909090909091,1.47727272727273,0.795454545454545,1.65454545454545,0.779220779220779,1,1.30909090909091,1.57575757575758,2.45454545454545,1.52727272727273,0.636363636363636
"I",1.86666666666667,1.53846153846154,2.5,2.61904761904762,1,2.97916666666667,2.27272727272727,0,2.77777777777778,0.444444444444444,0.5,2.5,1.95,2.61904761904762,2.5,2.4,1.36111111111111,0.0666666666666667,1.8,1.2962962962963
"K",1.4,2.17948717948718,1.3125,0.714285714285714,2.40740740740741,1.66666666666667,1,2.77777777777778,0,2.25,1.66666666666667,1,1.28333333333333,0.476190476190476,0.3125,1,1.36111111111111,2.4,2.11111111111111,1.62962962962963
"L",1.86666666666667,1.53846153846154,2.97916666666667,2.61904761904762,0.740740740740741,2.97916666666667,1.90909090909091,0.444444444444444,2.25,0,0.3125,2.5,2.33333333333333,2.14285714285714,2.0625,2.4,1.77777777777778,0.666666666666667,1.8,1.2962962962963
"M",1.35,1.44230769230769,2.25,1.96428571428571,1,1.890625,1.47727272727273,0.5,1.66666666666667,0.3125,0,1.890625,1.7875,1,1.5625,1.75,1.3125,0.7,1.41666666666667,1.25
"N",1.75,1.69230769230769,0.5625,1,2.16666666666667,1,0.795454545454545,2.5,1,2.5,1.890625,0,1.5,1,1.265625,0.7,1,2.7,2.16666666666667,1.52777777777778
"P",1.32,1.6,1.5,1.25714285714286,2.33333333333333,1.7875,1.65454545454545,1.95,1.28333333333333,2.33333333333333,1.7875,1.5,0,1.25714285714286,1.7875,1.32,1.28333333333333,2.08,2,2.02222222222222
"Q",1.37142857142857,2.05494505494506,1,0.510204081632653,2.26984126984127,1.60714285714286,0.779220779220779,2.61904761904762,0.476190476190476,2.14285714285714,1,1,1.25714285714286,0,0.75,1,1.33333333333333,2.28571428571429,1.45714285714286,1.26984126984127
"R",1.75,1.96153846153846,1.5625,1,1.83333333333333,1.890625,1,2.5,0.3125,2.0625,1.5625,1.265625,1.7875,0.75,0,1.35,1.3125,2.2,1.65,1.52777777777778
"S",0.36,1.29230769230769,1,1,2.13333333333333,1,1.30909090909091,2.4,1,2.4,1.75,0.7,1.32,1,1.35,0,0.4,1.96,2.28,1.71111111111111
"T",1,1.25641025641026,1.3125,1.33333333333333,2,1.66666666666667,1.57575757575758,1.36111111111111,1.36111111111111,1.77777777777778,1.3125,1,1.28333333333333,1.33333333333333,1.3125,0.4,0,1,1.8,1.62962962962963
"V",1,1.29230769230769,2.7,2.28571428571429,1.33333333333333,2.7,2.45454545454545,0.0666666666666667,2.4,0.666666666666667,0.7,2.7,2.08,2.28571428571429,2.2,1.96,1,0,2.28,1.71111111111111
"W",2.28,1.65641025641026,2.16666666666667,1.71428571428571,0.674074074074074,1.65,1.52727272727273,1.8,2.11111111111111,1.8,1.41666666666667,2.16666666666667,2,1.45714285714286,1.65,2.28,1.8,2.28,0,0.533333333333333
"Y",1.71111111111111,1.64102564102564,1.83333333333333,1.57142857142857,0.308641975308642,2.16666666666667,0.636363636363636,1.2962962962963,1.62962962962963,1.2962962962963,1.25,1.52777777777778,2.02222222222222,1.26984126984127,1.52777777777778,1.71111111111111,1.62962962962963,1.71111111111111,0.533333333333333,0
