"","A","C","D","E","F","G","H","I","K","L","M","N","P","Q","R","S","T","V","W","Y"
"A",0,1.33333333333333,2.28571428571429,1.4,2.28571428571429,1,1.75,1.96,1.4,1.96,1.8,1.8,1.35,1.37142857142857,1.86666666666667,0.64,1,1.44,2.45454545454545,2.2
"C",1.33333333333333,0,2.66666666666667,3.33333333333333,1.9047619047619,2.40740740740741,2.52777777777778,1.71111111111111,2.40740740740741,1.71111111111111,1.57142857142857,2.26984126984127,2.16666666666667,2.26984126984127,2.85185185185185,1.71111111111111,1.62962962962963,1.71111111111111,1.96969696969697,2.16666666666667
"D",2.28571428571429,2.66666666666667,0,0.714285714285714,2.93877551020408,1.71428571428571,1.60714285714286,3.42857142857143,1.33333333333333,3.42857142857143,2.46938775510204,0.73469387755102,1.96428571428571,1.30612244897959,2.14285714285714,1.37142857142857,1.71428571428571,3.42857142857143,2.87012987012987,2.35714285714286
"E",1.4,3.33333333333333,0.714285714285714,0,3.14285714285714,2.25,1.3125,3,1,3,2.14285714285714,1.33333333333333,1.66666666666667,0.476190476190476,1.36111111111111,1.4,1.36111111111111,2.4,2.66666666666667,2.5
"F",2.28571428571429,1.9047619047619,2.93877551020408,3.14285714285714,0,3.14285714285714,1.60714285714286,1.37142857142857,2.61904761904762,1,1.30612244897959,2.46938775510204,2.35714285714286,2.46938775510204,2.61904761904762,2.28571428571429,2.14285714285714,1.8,1,0.357142857142857
"G",1,2.40740740740741,1.71428571428571,2.25,3.14285714285714,0,2.0625,3.66666666666667,1.77777777777778,3.66666666666667,2.61904761904762,1.33333333333333,2.0625,2.14285714285714,2.25,1.4,2.25,3.66666666666667,2.27272727272727,2.97916666666667
"H",1.75,2.52777777777778,1.60714285714286,1.3125,1.60714285714286,2.0625,0,2.7,1.3125,2.7,1.96428571428571,1,1.890625,0.75,1,1.75,1.66666666666667,2.7,1.75,0.765625
"I",1.96,1.71111111111111,3.42857142857143,3,1.37142857142857,3.66666666666667,2.7,0,3,0.64,0.685714285714286,2.82857142857143,2.7,2.82857142857143,3,2.56,1.4,0.16,2.45454545454545,1.75
"K",1.4,2.40740740740741,1.33333333333333,1,2.61904761904762,1.77777777777778,1.3125,3,0,2.4,1.71428571428571,1,1.66666666666667,0.714285714285714,0.444444444444444,1.4,1.36111111111111,2.4,2.66666666666667,2.0625
"L",1.96,1.71111111111111,3.42857142857143,3,1,3.66666666666667,2.7,0.64,2.4,0,0.428571428571429,2.82857142857143,2.7,2.28571428571429,2.4,2.56,1.86666666666667,1,2.03636363636364,1.75
"M",1.8,1.57142857142857,2.46938775510204,2.14285714285714,1.30612244897959,2.61904761904762,1.96428571428571,0.685714285714286,1.71428571428571,0.428571428571429,0,2.04081632653061,1.96428571428571,1,1.71428571428571,1.8,1.33333333333333,1,1.51948051948052,1.60714285714286
"N",1.8,2.26984126984127,0.73469387755102,1.33333333333333,2.46938775510204,1.33333333333333,1,2.82857142857143,1,2.82857142857143,2.04081632653061,0,1.96428571428571,1,1.33333333333333,1,1,2.82857142857143,2.49350649350649,1.96428571428571
"P",1.35,2.16666666666667,1.96428571428571,1.66666666666667,2.35714285714286,2.0625,1.890625,2.7,1.66666666666667,2.7,1.96428571428571,1.96428571428571,0,1.60714285714286,2.0625,1.75,1.66666666666667,2.2,2.36363636363636,2.25
"Q",1.37142857142857,2.26984126984127,1.30612244897959,0.476190476190476,2.46938775510204,2.14285714285714,0.75,2.82857142857143,0.714285714285714,2.28571428571429,1,1,1.60714285714286,0,0.714285714285714,1.37142857142857,1.33333333333333,2.28571428571429,1.81818181818182,1.96428571428571
"R",1.86666666666667,2.85185185185185,2.14285714285714,1.36111111111111,2.61904761904762,2.25,1,3,0.444444444444444,2.4,1.71428571428571,1.33333333333333,2.0625,0.714285714285714,0,1.4,1.77777777777778,2.4,2.27272727272727,2.0625
"S",0.64,1.71111111111111,1.37142857142857,1.4,2.28571428571429,1.4,1.75,2.56,1.4,2.56,1.8,1,1.75,1.37142857142857,1.4,0,0.666666666666667,1.96,2.45454545454545,2.2
"T",1,1.62962962962963,1.71428571428571,1.36111111111111,2.14285714285714,2.25,1.66666666666667,1.4,1.36111111111111,1.86666666666667,1.33333333333333,1,1.66666666666667,1.33333333333333,1.77777777777778,0.666666666666667,0,1.4,2.27272727272727,1.66666666666667
"V",1.44,1.71111111111111,3.42857142857143,2.4,1.8,3.66666666666667,2.7,0.16,2.4,1,1,2.82857142857143,2.2,2.28571428571429,2.4,1.96,1.4,0,2.03636363636364,2.2
"W",2.45454545454545,1.96969696969697,2.87012987012987,2.66666666666667,1,2.27272727272727,1.75,2.45454545454545,2.66666666666667,2.03636363636364,1.51948051948052,2.49350649350649,2.36363636363636,1.81818181818182,2.27272727272727,2.45454545454545,2.27272727272727,2.03636363636364,0,0.613636363636364
"Y",2.2,2.16666666666667,2.35714285714286,2.5,0.357142857142857,2.97916666666667,0.765625,1.75,2.0625,1.75,1.60714285714286,1.96428571428571,2.25,1.96428571428571,2.0625,2.2,1.66666666666667,2.2,0.613636363636364,0
