"","A","C","D","E","F","G","H","I","K","L","M","N","P","Q","R","S","T","V","W","Y"
"A",0,0.757246376811594,1.1968085106383,1,2.60178571428571,0.731691919191919,1.51111111111111,1.6,1.3125,1.95,1.50193798449612,1.21381578947368,0.840460526315789,1.16358024691358,1.40957446808511,0.270833333333333,0.57,0.930147058823529,3.13380281690141,2.45726495726496
"C",0.757246376811594,0,2.14856614246068,2.31159420289855,1.19180124223602,1.5296442687747,1.35420289855072,1.39695652173913,2.33152173913044,1.55434782608696,1.30394337714864,1.70434782608696,1.78741418764302,2.28309178743961,1.74893617021277,0.946245059288538,1.25217391304348,1,1.16350275566442,1.11036789297659
"D",1.1968085106383,2.14856614246068,0,0.106382978723404,3.21580547112462,0.963894261766602,0.853900709219858,3.52659574468085,0.753989361702128,3.70212765957447,2.78129638792677,0.223964165733483,1.25475923852184,0.539007092198582,1.13173381620643,0.690522243713733,1,2.99624530663329,2.87773449205874,2.16857610474632
"E",1,2.31159420289855,0.106382978723404,0,3.24404761904762,1.37037037037037,0.829629629629629,2.93125,0.416666666666667,3.02222222222222,2.27906976744186,0.572368421052632,1.21381578947368,0.195473251028807,0.813238770685579,0.858585858585858,1.06888888888889,2.38153594771242,2.8589593114241,2.35576923076923
"F",2.60178571428571,1.19180124223602,3.21580547112462,3.24404761904762,0,3.11601731601732,1.03119047619048,0.642857142857143,2.98883928571429,0.357142857142857,0.484385382059801,2.61992481203007,2.31428571428571,2.69206349206349,2.44924012158055,3.18181818181818,2.47085714285714,0.95672268907563,0.362575452716298,0.093956043956044
"G",0.731691919191919,1.5296442687747,0.963894261766602,1.37037037037037,3.11601731601732,0,1.4949494949495,3.57386363636364,1.56770833333333,3.5,2.77589852008457,0.840510366826156,1.50398724082935,1.57800224466891,1.39651837524178,0.768595041322314,1.68,2.95588235294118,2.05847204438754,2.42968142968143
"H",1.51111111111111,1.35420289855072,0.853900709219858,0.829629629629629,1.03119047619048,1.4949494949495,0,2.11833333333333,0.73125,1.94208333333333,1.58449612403101,0.547368421052632,1.35460526315789,0.444444444444444,0.785106382978724,1.12727272727273,1.176,2.11764705882353,1.19718309859155,0.454700854700855
"I",1.6,1.39695652173913,3.52659574468085,2.93125,0.642857142857143,3.57386363636364,2.11833333333333,0,2.52578125,0.09,0.156976744186047,2.95263157894737,2.21447368421053,2.51296296296296,2.41702127659574,2.63636363636364,1.426,0.0198529411764706,1.63380281690141,1.28044871794872
"K",1.3125,2.33152173913044,0.753989361702128,0.416666666666667,2.98883928571429,1.56770833333333,0.73125,2.52578125,0,2.52578125,1.90552325581395,0.592105263157895,1.28125,0.236111111111111,0.0664893617021277,0.924715909090909,0.93,2.296875,2.60981514084507,2.10216346153846
"L",1.95,1.55434782608696,3.70212765957447,3.02222222222222,0.357142857142857,3.5,1.94208333333333,0.09,2.52578125,0,0.104651162790698,3.13157894736842,2.05164473684211,2.22962962962963,2.27553191489362,2.98068181818182,2.014,0.258823529411765,1.23292253521127,1
"M",1.50193798449612,1.30394337714864,2.78129638792677,2.27906976744186,0.484385382059801,2.77589852008457,1.58449612403101,0.156976744186047,1.90552325581395,0.104651162790698,0,2.38678090575275,2.05018359853121,1.68906115417743,1.90004948045522,2.16913319238901,1.41302325581395,0.332421340629275,1.31935800851621,1.07334525939177
"N",1.21381578947368,1.70434782608696,0.223964165733483,0.572368421052632,2.61992481203008,0.840510366826156,0.547368421052632,2.95263157894737,0.592105263157895,3.13157894736842,2.38678090575275,0,1.38331024930748,0.604288499025341,0.862262038073908,0.450956937799043,0.694736842105263,2.60061919504644,2.44106745737583,1.6140350877193
"P",0.84046052631579,1.78741418764302,1.25475923852184,1.21381578947368,2.31428571428571,1.50398724082935,1.35460526315789,2.21447368421053,1.28125,2.05164473684211,2.05018359853121,1.38331024930748,0,1.10233918128655,1.33258678611422,0.77511961722488,0.947368421052632,1.89164086687307,2.2416604892513,1.96744264507422
"Q",1.16358024691358,2.28309178743961,0.539007092198582,0.195473251028807,2.69206349206349,1.57800224466891,0.444444444444444,2.51296296296296,0.236111111111111,2.22962962962963,1.68906115417743,0.604288499025341,1.10233918128655,0,0.302600472813239,0.841750841750842,1,2.24183006535948,2.38028169014085,1.98480531813865
"R",1.40957446808511,1.74893617021277,1.13173381620643,0.813238770685579,2.44924012158055,1.39651837524178,0.785106382978724,2.41702127659574,0.0664893617021277,2.27553191489362,1.90004948045522,0.862262038073908,1.33258678611422,0.302600472813239,0,1.13733075435203,1.12595744680851,2.26408010012516,1.49145939466587,1.70212765957447
"S",0.270833333333333,0.946245059288538,0.690522243713733,0.858585858585858,3.18181818181818,0.768595041322314,1.12727272727273,2.63636363636364,0.924715909090909,2.98068181818182,2.16913319238901,0.450956937799043,0.77511961722488,0.841750841750842,1.13733075435203,0,0.127272727272727,1.88235294117647,3.08098591549296,2.31759906759907
"T",0.57,1.25217391304348,1,1.06888888888889,2.47085714285714,1.68,1.176,1.426,0.93,2.014,1.41302325581395,0.694736842105263,0.947368421052632,1,1.12595744680851,0.127272727272727,0,1,2.99154929577465,2.18871794871795
"V",0.930147058823529,1,2.99624530663329,2.38153594771242,0.95672268907563,2.95588235294118,2.11764705882353,0.0198529411764706,2.296875,0.258823529411765,0.332421340629275,2.60061919504644,1.89164086687307,2.24183006535948,2.26408010012516,1.88235294117647,1,0,2.08782104391052,1.51018099547511
"W",3.13380281690141,1.16350275566442,2.87773449205874,2.8589593114241,0.362575452716298,2.05847204438754,1.19718309859155,1.63380281690141,2.60981514084507,1.23292253521127,1.31935800851621,2.44106745737583,2.2416604892513,2.38028169014085,1.49145939466587,3.08098591549296,2.99154929577465,2.08782104391052,0,0.337396171903214
"Y",2.45726495726496,1.11036789297659,2.16857610474632,2.35576923076923,0.093956043956044,2.42968142968143,0.454700854700855,1.28044871794872,2.10216346153846,1,1.07334525939177,1.6140350877193,1.96744264507422,1.98480531813865,1.70212765957447,2.31759906759907,2.18871794871795,1.51018099547511,0.337396171903214,0
