"","A","C","D","E","F","G","H","I","K","L","M","N","P","Q","R","S","T","V","W","Y"
"A",0,2.66666666666667,1.6,1,3.5,0.533333333333333,2.85714285714286,1.55555555555556,3.2,3,2.08333333333333,1.66666666666667,0.555555555555556,1.55555555555556,2.85714285714286,0.444444444444444,0.533333333333333,1,5.27777777777778,3.5
"C",2.66666666666667,0,4.26666666666667,4.26666666666667,2.91666666666667,3.11111111111111,2.26984126984127,2,4.26666666666667,4.40740740740741,3.33333333333333,3.5,2.40740740740741,3.85185185185185,2.26984126984127,1.48148148148148,2.13333333333333,2.13333333333333,3.5,1.25
"D",1.6,4.26666666666667,0,0.04,4.5,1,1,2.4,1.44,4.4,3.25,0.3,2.4,0.666666666666667,2.82857142857143,1.6,1.44,3.24,4.33333333333333,3.25
"E",1,4.26666666666667,0.04,0,4.5,1.44,1.37142857142857,2.4,1.44,3.66666666666667,2.2,0.6,1.86666666666667,0.4,2.28571428571429,1.6,1.96,2.56,4.9,3.25
"F",3.5,2.91666666666667,4.5,4.5,0,3.25,1.96428571428571,1,4.5,1,1.265625,3,3.5,3.5,2.78571428571429,3.5,2.7,2.2,1.21875,0.25
"G",0.533333333333333,3.11111111111111,1,1.44,3.25,0,2.82857142857143,3,2.56,4.4,2.7,1,1.86666666666667,2.4,2.82857142857143,1,1.96,1.96,4.33333333333333,4.5
"H",2.85714285714286,2.26984126984127,1,1.37142857142857,1.96428571428571,2.82857142857143,0,2.61904761904762,1.8,2.14285714285714,2.35714285714286,0.357142857142857,1.33333333333333,0.285714285714286,0.73469387755102,2.14285714285714,2.28571428571429,2.28571428571429,2.0952380952381,1.28571428571429
"I",1.55555555555556,2,2.4,2.4,1,3,2.61904761904762,0,2.4,0.694444444444445,0.729166666666667,2,2.77777777777778,2.25,2.14285714285714,3,1,0.2,3.43055555555556,1.66666666666667
"K",3.2,4.26666666666667,1.44,1.44,4.5,2.56,1.8,2.4,0,3,1,0.6,2.4,1,0.428571428571429,1.6,1.44,3.24,2.83333333333333,3.25
"L",3,4.40740740740741,4.4,3.66666666666667,1,4.4,2.14285714285714,0.694444444444445,3,0,0.3125,3.33333333333333,2.77777777777778,1.77777777777778,2.61904761904762,3.88888888888889,2.4,0.666666666666667,1.875,2.0625
"M",2.08333333333333,3.33333333333333,3.25,2.2,1.265625,2.7,2.35714285714286,0.729166666666667,1,0.3125,0,2.40625,2.5,1.3125,1.28571428571429,2.08333333333333,1.35,0.7,2.625,2.640625
"N",1.66666666666667,3.5,0.3,0.6,3,1,0.357142857142857,2,0.6,3.33333333333333,2.40625,0,2,1,1.42857142857143,0.5,1,2.8,3.1875,1.875
"P",0.555555555555556,2.40740740740741,2.4,1.86666666666667,3.5,1.86666666666667,1.33333333333333,2.77777777777778,2.4,2.77777777777778,2.5,2,0,1,1.33333333333333,1,1.4,1.86666666666667,3.43055555555556,4.0625
"Q",1.55555555555556,3.85185185185185,0.666666666666667,0.4,3.5,2.4,0.285714285714286,2.25,1,1.77777777777778,1.3125,1,1,0,0.714285714285714,2.22222222222222,1.86666666666667,2.4,3,3.5
"R",2.85714285714286,2.26984126984127,2.82857142857143,2.28571428571429,2.78571428571429,2.82857142857143,0.73469387755102,2.14285714285714,0.428571428571429,2.61904761904762,1.28571428571429,1.42857142857143,1.33333333333333,0.714285714285714,0,1.52380952380952,1.8,2.82857142857143,0.785714285714286,2.78571428571429
"S",0.444444444444444,1.48148148148148,1.6,1.6,3.5,1,2.14285714285714,3,1.6,3.88888888888889,2.08333333333333,0.5,1,2.22222222222222,1.52380952380952,0,0.2,2.33333333333333,2.5,2.75
"T",0.533333333333333,2.13333333333333,1.44,1.96,2.7,1.96,2.28571428571429,1,1.44,2.4,1.35,1,1.4,1.86666666666667,1.8,0.2,0,1,3.3,2.2
"V",1,2.13333333333333,3.24,2.56,2.2,1.96,2.28571428571429,0.2,3.24,0.666666666666667,0.7,2.8,1.86666666666667,2.4,2.82857142857143,2.33333333333333,1,0,4.33333333333333,2.7
"W",5.27777777777778,3.5,4.33333333333333,4.9,1.21875,4.33333333333333,2.0952380952381,3.43055555555556,2.83333333333333,1.875,2.625,3.1875,3.43055555555556,3,0.785714285714286,2.5,3.3,4.33333333333333,0,1.45833333333333
"Y",3.5,1.25,3.25,3.25,0.25,4.5,1.28571428571429,1.66666666666667,3.25,2.0625,2.640625,1.875,4.0625,3.5,2.78571428571429,2.75,2.2,2.7,1.45833333333333,0
