"","A","C","D","E","F","G","H","I","K","L","M","N","P","Q","R","S","T","V","W","Y"
"A",0,2.66666666666667,1,1,3.66666666666667,0.533333333333333,2.14285714285714,1.6,2.33333333333333,3.2,2.08333333333333,1,0.555555555555556,1.6,3,0.444444444444444,0.5,1,4.5,3.5
"C",2.66666666666667,0,3.66666666666667,3.66666666666667,2.66666666666667,2.6,2.26984126984127,2.13333333333333,3.66666666666667,4.26666666666667,2.91666666666667,2.88888888888889,2,3.66666666666667,2.40740740740741,1,2.33333333333333,1.71111111111111,3.14814814814815,1.25
"D",1,3.66666666666667,0,0.16,4.8,1,1,2.56,1.44,4,2.7,0.3,1.86666666666667,0.64,2.4,1,1.5,2.56,3.8,3.25
"E",1,3.66666666666667,0.16,0,4.08571428571429,1.44,1,1.96,1.44,3.24,2.2,0.6,1.86666666666667,0.36,2.4,1.6,1.5,2.56,4.33333333333333,3.25
"F",3.66666666666667,2.66666666666667,4.8,4.08571428571429,0,3.42857142857143,1.6530612244898,1,4.08571428571429,0.685714285714286,1.28571428571429,3.14285714285714,3.14285714285714,4.08571428571429,3.14285714285714,2.85714285714286,3.14285714285714,1.8,1.23809523809524,0.214285714285714
"G",0.533333333333333,2.6,1,1.44,3.42857142857143,0,2.28571428571429,3.24,2.56,4,2.7,1,1.86666666666667,1.96,3,0.533333333333333,1.5,1.96,3.8,3.85
"H",2.14285714285714,2.26984126984127,1,1,1.6530612244898,2.28571428571429,0,2.28571428571429,1.37142857142857,2.28571428571429,1.96428571428571,0.357142857142857,1.33333333333333,0.228571428571429,0.714285714285714,2.14285714285714,1.92857142857143,2.28571428571429,1.78571428571429,1
"I",1.6,2.13333333333333,2.56,1.96,1,3.24,2.28571428571429,0,1.96,0.64,0.45,2.1,2.4,2.56,1.86666666666667,2.33333333333333,1,0.16,3.3,1.75
"K",2.33333333333333,3.66666666666667,1.44,1.44,4.08571428571429,2.56,1.37142857142857,1.96,0,3.24,1,0.6,1.86666666666667,1,0.4,1.6,1,3.24,2.83333333333333,3.25
"L",3.2,4.26666666666667,4,3.24,0.685714285714286,4,2.28571428571429,0.64,3.24,0,0.25,2.8,2.4,1.96,3,4.2,2.1,0.64,1.63333333333333,1.75
"M",2.08333333333333,2.91666666666667,2.7,2.2,1.28571428571429,2.7,1.96428571428571,0.45,1,0.25,0,2.40625,2.0625,1.35,1.3125,2.08333333333333,1.40625,0.7,2.30208333333333,2.25
"N",1,2.88888888888889,0.3,0.6,3.14285714285714,1,0.357142857142857,2.1,0.6,2.8,2.40625,0,1.45833333333333,1,1.45833333333333,0.5,1,2.8,2.66666666666667,1.875
"P",0.555555555555556,2,1.86666666666667,1.86666666666667,3.14285714285714,1.86666666666667,1.33333333333333,2.4,1.86666666666667,2.4,2.0625,1.45833333333333,0,1,1.36111111111111,0.555555555555556,1.45833333333333,1.86666666666667,3,3.5
"Q",1.6,3.66666666666667,0.64,0.36,4.08571428571429,1.96,0.228571428571429,2.56,1,1.96,1.35,1,1,0,0.666666666666667,1.6,2.1,2.56,3.3,3.25
"R",3,2.40740740740741,2.4,2.4,3.14285714285714,3,0.714285714285714,1.86666666666667,0.4,3,1.3125,1.45833333333333,1.36111111111111,0.666666666666667,0,1.55555555555556,2,2.4,0.763888888888889,2.97916666666667
"S",0.444444444444444,1,1,1.6,2.85714285714286,0.533333333333333,2.14285714285714,2.33333333333333,1.6,4.2,2.08333333333333,0.5,0.555555555555556,1.6,1.55555555555556,0,0.166666666666667,2.33333333333333,1.94444444444444,2.75
"T",0.5,2.33333333333333,1.5,1.5,3.14285714285714,1.5,1.92857142857143,1,1,2.1,1.40625,1,1.45833333333333,2.1,2,0.166666666666667,0,1,3.75,2.40625
"V",1,1.71111111111111,2.56,2.56,1.8,1.96,2.28571428571429,0.16,3.24,0.64,0.7,2.8,1.86666666666667,2.56,2.4,2.33333333333333,1,0,3.8,2.2
"W",4.5,3.14814814814815,3.8,4.33333333333333,1.23809523809524,3.8,1.78571428571429,3.3,2.83333333333333,1.63333333333333,2.30208333333333,2.66666666666667,3,3.3,0.763888888888889,1.94444444444444,3.75,3.8,0,1.21875
"Y",3.5,1.25,3.25,3.25,0.214285714285714,3.85,1,1.75,3.25,1.75,2.25,1.875,3.5,3.25,2.97916666666667,2.75,2.40625,2.2,1.21875,0
