"","A","C","D","E","F","G","H","I","K","L","M","N","P","Q","R","S","T","V","W","Y"
"A",0,2.66666666666667,1,1,3.5,0.533333333333333,2.85714285714286,1.55555555555556,2.33333333333333,3.2,2.08333333333333,1.66666666666667,0.555555555555556,1.55555555555556,3,0.444444444444444,0.5,1,5.27777777777778,3.5
"C",2.66666666666667,0,4.26666666666667,4.26666666666667,2.91666666666667,2.6,2.26984126984127,2,4.26666666666667,4.26666666666667,2.91666666666667,3.5,2.40740740740741,3.85185185185185,2.40740740740741,1,2.33333333333333,2.13333333333333,3.14814814814815,1.25
"D",1,4.26666666666667,0,0.16,4.5,1,1,2.4,1.44,4,2.7,0.3,2.4,0.666666666666667,2.4,1,1.5,2.56,4.33333333333333,3.25
"E",1,4.26666666666667,0.16,0,4.5,1.44,1.37142857142857,2.4,1.44,3.24,2.2,0.6,1.86666666666667,0.4,2.4,1.6,2.1,2.56,4.33333333333333,3.25
"F",3.5,2.91666666666667,4.5,4.5,0,3.25,1.96428571428571,1,4.5,1,1.265625,3,2.97916666666667,3.5,2.97916666666667,2.75,3,2.2,1.21875,0.25
"G",0.533333333333333,2.6,1,1.44,3.25,0,2.82857142857143,3,2.56,4,2.7,1,1.86666666666667,2.4,3,0.533333333333333,1.5,1.96,4.33333333333333,3.85
"H",2.85714285714286,2.26984126984127,1,1.37142857142857,1.96428571428571,2.82857142857143,0,2.61904761904762,1.8,2.28571428571429,2.35714285714286,0.357142857142857,1.33333333333333,0.285714285714286,0.714285714285714,2.14285714285714,2.5,2.28571428571429,1.78571428571429,1.28571428571429
"I",1.55555555555556,2,2.4,2.4,1,3,2.61904761904762,0,2.4,0.666666666666667,0.729166666666667,2,2.25,2.25,1.77777777777778,2.22222222222222,1,0.2,3,1.66666666666667
"K",2.33333333333333,4.26666666666667,1.44,1.44,4.5,2.56,1.8,2.4,0,3.24,1,0.6,1.86666666666667,1,0.4,1.6,1.5,3.24,2.83333333333333,3.25
"L",3.2,4.26666666666667,4,3.24,1,4,2.28571428571429,0.666666666666667,3.24,0,0.25,3.6,2.4,1.86666666666667,3,4.2,2.8,0.64,2,1.75
"M",2.08333333333333,2.91666666666667,2.7,2.2,1.265625,2.7,2.35714285714286,0.729166666666667,1,0.25,0,2.40625,2.0625,1.3125,1.3125,2.08333333333333,1.40625,0.7,2.625,2.25
"N",1.66666666666667,3.5,0.3,0.6,3,1,0.357142857142857,2,0.6,3.6,2.40625,0,2,1,1.45833333333333,0.5,1,2.8,2.66666666666667,1.875
"P",0.555555555555556,2.40740740740741,2.4,1.86666666666667,2.97916666666667,1.86666666666667,1.33333333333333,2.25,1.86666666666667,2.4,2.0625,2,0,1,1.36111111111111,0.555555555555556,1.45833333333333,1.86666666666667,3.43055555555556,3.5
"Q",1.55555555555556,3.85185185185185,0.666666666666667,0.4,3.5,2.4,0.285714285714286,2.25,1,1.86666666666667,1.3125,1,1,0,0.694444444444445,2.22222222222222,2,2.4,3,2.97916666666667
"R",3,2.40740740740741,2.4,2.4,2.97916666666667,3,0.714285714285714,1.77777777777778,0.4,3,1.3125,1.45833333333333,1.36111111111111,0.694444444444445,0,1.55555555555556,2,2.4,0.763888888888889,2.97916666666667
"S",0.444444444444444,1,1,1.6,2.75,0.533333333333333,2.14285714285714,2.22222222222222,1.6,4.2,2.08333333333333,0.5,0.555555555555556,2.22222222222222,1.55555555555556,0,0.166666666666667,2.33333333333333,1.94444444444444,2.75
"T",0.5,2.33333333333333,1.5,2.1,3,1.5,2.5,1,1.5,2.8,1.40625,1,1.45833333333333,2,2,0.166666666666667,0,1,3.75,2.40625
"V",1,2.13333333333333,2.56,2.56,2.2,1.96,2.28571428571429,0.2,3.24,0.64,0.7,2.8,1.86666666666667,2.4,2.4,2.33333333333333,1,0,4.33333333333333,2.2
"W",5.27777777777778,3.14814814814815,4.33333333333333,4.33333333333333,1.21875,4.33333333333333,1.78571428571429,3,2.83333333333333,2,2.625,2.66666666666667,3.43055555555556,3,0.763888888888889,1.94444444444444,3.75,4.33333333333333,0,1.45833333333333
"Y",3.5,1.25,3.25,3.25,0.25,3.85,1.28571428571429,1.66666666666667,3.25,1.75,2.25,1.875,3.5,2.97916666666667,2.97916666666667,2.75,2.40625,2.2,1.45833333333333,0
