"","A","C","D","E","F","G","H","I","K","L","M","N","P","Q","R","S","T","V","W","Y"
"A",0,2.46153846153846,1,1,4,0.555555555555556,2.08333333333333,1.55555555555556,2.22222222222222,2.85714285714286,2.03703703703704,1,0.583333333333333,1.55555555555556,2.75,0.444444444444444,0.166666666666667,1,5.2962962962963,3.87878787878788
"C",2.46153846153846,0,3.69230769230769,3.69230769230769,2.33846153846154,2.53846153846154,1.96153846153846,1.84615384615385,3.33333333333333,3.46153846153846,2.73504273504274,3.11538461538462,1.96153846153846,3.33333333333333,2.25,1,2.15384615384615,1.84615384615385,2.75213675213675,1
"D",1,3.69230769230769,0,0.04,4.68,1,1,2.4,1,4.08571428571429,2.6,0.1,1.75,0.4,2.2,1,1.5,2.4,4.2,3.4
"E",1,3.69230769230769,0.04,0,4.08,1,1,2.4,1.4,3.42857142857143,2.13333333333333,0.3,1.35,0.2,1.75,1.6,1.5,2.4,4.2,3.4
"F",4,2.33846153846154,4.68,4.08,0,3.2,1.7875,0.75,3.68333333333333,0.771428571428571,1,3.375,2.8,3.2,2.8,3.26666666666667,2.8,1.6,1,0.109090909090909
"G",0.555555555555556,2.53846153846154,1,1,3.2,0,2.0625,2.77777777777778,2.25,3.71428571428571,2.40740740740741,1,1.3125,1.77777777777778,2.5,0.555555555555556,1.45833333333333,1.77777777777778,3.75,3.54545454545455
"H",2.08333333333333,1.96153846153846,1,1,1.7875,2.0625,0,2.5,1.3125,1.96428571428571,1.83333333333333,0.375,1.265625,0.166666666666667,0.5625,2.08333333333333,1.875,2.0625,1.83333333333333,1
"I",1.55555555555556,1.84615384615385,2.4,2.4,0.75,2.77777777777778,2.5,0,2.25,0.476190476190476,0.518518518518519,2.625,2.0625,2.25,2.0625,2.22222222222222,1,0.0277777777777778,3.00925925925926,1.57575757575758
"K",2.22222222222222,3.33333333333333,1,1.4,3.68333333333333,2.25,1.3125,2.25,0,2.61904761904762,0.740740740740741,0.625,1.66666666666667,1,0.166666666666667,1.55555555555556,1,2.77777777777778,2.34259259259259,3.09090909090909
"L",2.85714285714286,3.46153846153846,4.08571428571429,3.42857142857143,0.771428571428571,3.71428571428571,1.96428571428571,0.476190476190476,2.61904761904762,0,0.238095238095238,3.14285714285714,2.35714285714286,1.71428571428571,2.35714285714286,3.66666666666667,2.5,0.476190476190476,1.66666666666667,1.51948051948052
"M",2.03703703703704,2.73504273504274,2.6,2.13333333333333,1,2.40740740740741,1.83333333333333,0.518518518518518,0.740740740740741,0.238095238095238,0,2.33333333333333,1.83333333333333,1.2962962962963,1.25,2.03703703703704,1.38888888888889,0.518518518518518,2.22222222222222,1.96969696969697
"N",1,3.11538461538462,0.1,0.3,3.375,1,0.375,2.625,0.625,3.14285714285714,2.33333333333333,0,1.40625,1,1.40625,0.5,1,2.625,2.875,1.77272727272727
"P",0.583333333333333,1.96153846153846,1.75,1.35,2.8,1.3125,1.265625,2.0625,1.66666666666667,2.35714285714286,1.83333333333333,1.40625,0,1,1.265625,0.583333333333333,1,1.66666666666667,2.60416666666667,3.06818181818182
"Q",1.55555555555556,3.33333333333333,0.4,0.2,3.2,1.77777777777778,0.166666666666667,2.25,1,1.71428571428571,1.2962962962963,1,1,0,0.729166666666667,1.55555555555556,2,2.25,2.66666666666667,3.09090909090909
"R",2.75,2.25,2.2,1.75,2.8,2.5,0.5625,2.0625,0.166666666666667,2.35714285714286,1.25,1.40625,1.265625,0.729166666666667,0,1.5,1.875,2.5,0.666666666666667,2.70454545454545
"S",0.444444444444444,1,1,1.6,3.26666666666667,0.555555555555556,2.08333333333333,2.22222222222222,1.55555555555556,3.66666666666667,2.03703703703704,0.5,0.583333333333333,1.55555555555556,1.5,0,0.166666666666667,2.22222222222222,2.33333333333333,3.18181818181818
"T",0.166666666666667,2.15384615384615,1.5,1.5,2.8,1.45833333333333,1.875,1,1,2.5,1.38888888888889,1,1,2,1.875,0.166666666666667,0,1,3.81944444444444,2.72727272727273
"V",1,1.84615384615385,2.4,2.4,1.6,1.77777777777778,2.0625,0.0277777777777778,2.77777777777778,0.476190476190476,0.518518518518519,2.625,1.66666666666667,2.25,2.5,2.22222222222222,1,0,3.37037037037037,2.27272727272727
"W",5.2962962962963,2.75213675213675,4.2,4.2,1,3.75,1.83333333333333,3.00925925925926,2.34259259259259,1.66666666666667,2.22222222222222,2.875,2.60416666666667,2.66666666666667,0.666666666666667,2.33333333333333,3.81944444444444,3.37037037037037,0,1.15151515151515
"Y",3.87878787878788,1,3.4,3.4,0.109090909090909,3.54545454545455,1,1.57575757575758,3.09090909090909,1.51948051948052,1.96969696969697,1.77272727272727,3.06818181818182,3.09090909090909,2.70454545454545,3.18181818181818,2.72727272727273,2.27272727272727,1.15151515151515,0
