"","A","C","D","E","F","G","H","I","K","L","M","N","P","Q","R","S","T","V","W","Y"
"A",0,2.03703703703704,1,1,3.66666666666667,0.5,2.22222222222222,1.6,2.5,2.33333333333333,1.52380952380952,1,0.555555555555556,1.6,2.22222222222222,0.333333333333333,0.5,1,4.5,2.75
"C",2.03703703703704,0,4.16666666666667,4.16666666666667,2.66666666666667,2.88888888888889,2,1.71111111111111,4.16666666666667,3.66666666666667,2.66666666666667,3.37037037037037,2,3.66666666666667,2.40740740740741,1,2.33333333333333,1.83333333333333,2.81481481481481,1
"D",1,4.16666666666667,0,0.0625,4.64285714285714,1,1,2.8,1.5625,4.5,2.5,0.166666666666667,2,0.6,2,1,1.5625,3.0625,4.35416666666667,3
"E",1,4.16666666666667,0.0625,0,4.64285714285714,1.5625,1,2.1,1.5625,3.6,1.92857142857143,0.5,1.45833333333333,0.3,2,1.875,1.5625,2.25,4.35416666666667,3
"F",3.66666666666667,2.66666666666667,4.64285714285714,4.64285714285714,0,3.85714285714286,1.71428571428571,1,4.64285714285714,0.685714285714286,1.30612244897959,3.66666666666667,3.14285714285714,3.42857142857143,2.61904761904762,3.57142857142857,2.5,1.92857142857143,1.23809523809524,0.107142857142857
"G",0.5,2.88888888888889,1,1.5625,3.85714285714286,0,2.625,2.8,2.25,3.6,2.5,1,1.45833333333333,2.1,2.625,0.375,1.5625,2.25,4.35416666666667,3.65625
"H",2.22222222222222,2,1,1,1.71428571428571,2.625,0,2.4,1.45833333333333,1.86666666666667,2.14285714285714,0.222222222222222,1.36111111111111,0.2,0.694444444444445,1.75,2,2.625,1.875,1
"I",1.6,1.71111111111111,2.8,2.1,1,2.8,2.4,0,2.1,0.64,0.428571428571429,2.33333333333333,2.4,2.56,1.86666666666667,2.8,1,0.1,2.83333333333333,1.75
"K",2.5,4.16666666666667,1.5625,1.5625,4.64285714285714,2.25,1.45833333333333,2.1,0,2.8,1,0.5,2,1,0.125,1.875,1,3.0625,2.66666666666667,3
"L",2.33333333333333,3.66666666666667,4.5,3.6,0.685714285714286,3.6,1.86666666666667,0.64,2.8,0,0.228571428571429,3.2,2.4,1.96,2.4,4,2.1,0.6,1.63333333333333,1.75
"M",1.52380952380952,2.66666666666667,2.5,1.92857142857143,1.30612244897959,2.5,2.14285714285714,0.428571428571429,1,0.228571428571429,0,2.14285714285714,2.14285714285714,1.37142857142857,1.33333333333333,2.57142857142857,1.42857142857143,0.642857142857143,2.42857142857143,1.96428571428571
"N",1,3.37037037037037,0.166666666666667,0.5,3.66666666666667,1,0.222222222222222,2.33333333333333,0.5,3.2,2.14285714285714,0,1.55555555555556,1,1.55555555555556,0.333333333333333,1,2.5,3.11111111111111,2.08333333333333
"P",0.555555555555556,2,2,1.45833333333333,3.14285714285714,1.45833333333333,1.36111111111111,2.4,2,2.4,2.14285714285714,1.55555555555556,0,1,1.36111111111111,0.416666666666667,1,2,3,2.97916666666667
"Q",1.6,3.66666666666667,0.6,0.3,3.42857142857143,2.1,0.2,2.56,1,1.96,1.37142857142857,1,1,0,0.666666666666667,1.8,1.5,2.1,2.83333333333333,2.7
"R",2.22222222222222,2.40740740740741,2,2,2.61904761904762,2.625,0.694444444444445,1.86666666666667,0.125,2.4,1.33333333333333,1.55555555555556,1.36111111111111,0.666666666666667,0,1.75,2,2.625,0.763888888888889,2.5
"S",0.333333333333333,1,1,1.875,3.57142857142857,0.375,1.75,2.8,1.875,4,2.57142857142857,0.333333333333333,0.416666666666667,1.8,1.75,0,0.375,1.875,2.33333333333333,3.4375
"T",0.5,2.33333333333333,1.5625,1.5625,2.5,1.5625,2,1,1,2.1,1.42857142857143,1,1,1.5,2,0.375,0,1,3.1875,2.40625
"V",1,1.83333333333333,3.0625,2.25,1.92857142857143,2.25,2.625,0.1,3.0625,0.6,0.642857142857143,2.5,2,2.1,2.625,1.875,1,0,3.75,2.40625
"W",4.5,2.81481481481481,4.35416666666667,4.35416666666667,1.23809523809524,4.35416666666667,1.875,2.83333333333333,2.66666666666667,1.63333333333333,2.42857142857143,3.11111111111111,3,2.83333333333333,0.763888888888889,2.33333333333333,3.1875,3.75,0,1.21875
"Y",2.75,1,3,3,0.107142857142857,3.65625,1,1.75,3,1.75,1.96428571428571,2.08333333333333,2.97916666666667,2.7,2.5,3.4375,2.40625,2.40625,1.21875,0
