"","A","C","D","E","F","G","H","I","K","L","M","N","P","Q","R","S","T","V","W","Y"
"A",0,2.26666666666667,1,1,4.09090909090909,0,1.6875,1.8,1.75,2.57142857142857,1.71428571428571,1,0.428571428571429,1,2.57142857142857,0.25,0.333333333333333,1,5.93181818181818,3.92307692307692
"C",2.26666666666667,0,3.5,3.5,1.93939393939394,2.11111111111111,1.9,1.92,2.8,2.93333333333333,2.6,3.8,1.71428571428571,3.5,1.99047619047619,1,2.4,1.58666666666667,2.25454545454545,0.861538461538461
"D",1,3.5,0,0,4.5,0.625,0.65625,2.8,1,3.85714285714286,2.5,0,1.42857142857143,0.25,1.42857142857143,1,1,2.1,4.09090909090909,3.11538461538462
"E",1,3.5,0,0,3.86363636363636,1,0.65625,2.1,1,3.14285714285714,1.92857142857143,0,1,0.0625,1.42857142857143,1,1,2.1,4.09090909090909,3.11538461538462
"F",4.09090909090909,1.93939393939394,4.5,3.86363636363636,0,3.09090909090909,1.47727272727273,0.727272727272727,3.09090909090909,0.584415584415584,1,4.09090909090909,2.49350649350649,3.27272727272727,2.49350649350649,4.09090909090909,3.18181818181818,1.30909090909091,0.867768595041322,0.0559440559440559
"G",0,2.11111111111111,0.625,1,3.09090909090909,0,1.66666666666667,2.4,1.77777777777778,3.14285714285714,2.14285714285714,0.416666666666667,1,1.45833333333333,2.14285714285714,0.416666666666667,1,1.4,3.18181818181818,2.92307692307692
"H",1.6875,1.9,0.65625,0.65625,1.47727272727273,1.66666666666667,0,2.2,1,1.60714285714286,1.60714285714286,0,1,0.15625,0.535714285714286,1.6875,1.5,2.2,1.5625,1
"I",1.8,1.92,2.8,2.1,0.727272727272727,2.4,2.2,0,1.86666666666667,0.228571428571429,0.228571428571429,2.8,1.8,2.1,1.8,2.8,1,0.04,2.8,1.29230769230769
"K",1.75,2.8,1,1,3.09090909090909,1.77777777777778,1,1.86666666666667,0,2.14285714285714,1,0.416666666666667,1.33333333333333,0.625,0.142857142857143,1,1,2.4,1.96969696969697,2.53846153846154
"L",2.57142857142857,2.93333333333333,3.85714285714286,3.14285714285714,0.584415584415584,3.14285714285714,1.60714285714286,0.228571428571429,2.14285714285714,0,0.0816326530612245,3.57142857142857,2.04081632653061,1.92857142857143,2.04081632653061,3.57142857142857,2.14285714285714,0.428571428571429,1.4025974025974,1.23076923076923
"M",1.71428571428571,2.6,2.5,1.92857142857143,1,2.14285714285714,1.60714285714286,0.228571428571429,1,0.0816326530612245,0,2.57142857142857,1.6530612244898,1.42857142857143,1,2.57142857142857,1.52380952380952,0.428571428571429,2.1038961038961,1.75824175824176
"N",1,3.8,0,0,4.09090909090909,0.416666666666667,0,2.8,0.416666666666667,3.57142857142857,2.57142857142857,0,1,0.375,1,0.25,0.333333333333333,2.8,4.29545454545455,3.07692307692308
"P",0.428571428571429,1.71428571428571,1.42857142857143,1,2.49350649350649,1,1,1.8,1.33333333333333,2.04081632653061,1.6530612244898,1,0,1,1,0.428571428571429,0.571428571428571,1.37142857142857,2.63636363636364,2.71428571428571
"Q",1,3.5,0.25,0.0625,3.27272727272727,1.45833333333333,0.15625,2.1,0.625,1.92857142857143,1.42857142857143,0.375,1,0,0.357142857142857,1,1.66666666666667,2.1,3.18181818181818,3.11538461538462
"R",2.57142857142857,1.99047619047619,1.42857142857143,1.42857142857143,2.49350649350649,2.14285714285714,0.535714285714286,1.8,0.142857142857143,2.04081632653061,1,1,1,0.357142857142857,0,1,1.52380952380952,2.28571428571429,0.493506493506494,2.37362637362637
"S",0.25,1,1,1,4.09090909090909,0.416666666666667,1.6875,2.8,1,3.57142857142857,2.57142857142857,0.25,0.428571428571429,1,1,0,0.333333333333333,1.8,2.84090909090909,3.07692307692308
"T",0.333333333333333,2.4,1,1,3.18181818181818,1,1.5,1,1,2.14285714285714,1.52380952380952,0.333333333333333,0.571428571428571,1.66666666666667,1.52380952380952,0.333333333333333,0,1,3.81818181818182,2.46153846153846
"V",1,1.58666666666667,2.1,2.1,1.30909090909091,1.4,2.2,0.04,2.4,0.428571428571429,0.428571428571429,2.8,1.37142857142857,2.1,2.28571428571429,1.8,1,0,3.16363636363636,1.96923076923077
"W",5.93181818181818,2.25454545454545,4.09090909090909,4.09090909090909,0.867768595041322,3.18181818181818,1.5625,2.8,1.96969696969697,1.4025974025974,2.1038961038961,4.29545454545455,2.63636363636364,3.18181818181818,0.493506493506494,2.84090909090909,3.81818181818182,3.16363636363636,0,1
"Y",3.92307692307692,0.861538461538462,3.11538461538462,3.11538461538462,0.0559440559440559,2.92307692307692,1,1.29230769230769,2.53846153846154,1.23076923076923,1.75824175824176,3.07692307692308,2.71428571428571,3.11538461538462,2.37362637362637,3.07692307692308,2.46153846153846,1.96923076923077,1,0
