"","A","C","D","E","F","G","H","I","K","L","M","N","P","Q","R","S","T","V","W","Y"
"A",0,2.26666666666667,1,1,4.09090909090909,0,1.71428571428571,1,1.8,2.57142857142857,1.75,1,0.416666666666667,1,1.71428571428571,0,0.25,1,5.09090909090909,4
"C",2.26666666666667,0,3.5,3.5,1.93939393939394,2.28,1.99047619047619,1.92,3.08,2.93333333333333,2.8,3.8,1.8,3.5,1.99047619047619,1,2.26666666666667,1.58666666666667,2.25454545454545,0.855555555555556
"D",1,3.5,0,0,3.86363636363636,0.6,0.642857142857143,2.1,1,3.14285714285714,2.625,0,1.45833333333333,0.25,1.42857142857143,1,1,2.1,3.625,3.1875
"E",1,3.5,0,0,3.86363636363636,1,0.642857142857143,2.1,1,3.14285714285714,2,0,1,0.0625,1.42857142857143,1,1,2.1,4.09090909090909,3.1875
"F",4.09090909090909,1.93939393939394,3.86363636363636,3.86363636363636,0,2.90909090909091,1.51948051948052,0.727272727272727,3.4,0.415584415584416,0.757575757575758,4.09090909090909,2.66666666666667,3.27272727272727,2.49350649350649,6.81818181818182,3.18181818181818,1.30909090909091,0.867768595041322,0.0454545454545454
"G",0,2.28,0.6,1,2.90909090909091,0,1.8,2.56,1.96,2.82857142857143,2.4,0.4,1,1.5,1.8,0,1,1.44,3.54545454545455,3.3
"H",1.71428571428571,1.99047619047619,0.642857142857143,0.642857142857143,1.51948051948052,1.8,0,1.8,1,1.6530612244898,1.71428571428571,0,1,0.142857142857143,0.510204081632653,2.28571428571429,1.71428571428571,1.8,1.62337662337662,1
"I",1,1.92,2.1,2.1,0.727272727272727,2.56,1.8,0,1.96,0.228571428571429,0.2,2.8,1.86666666666667,2.1,1.8,2.4,1,0.04,2.8,1.3
"K",1.8,3.08,1,1,3.4,1.96,1,1.96,0,2.28571428571429,1,0.4,1.4,0.6,0.0857142857142857,1,1,1.96,2.12727272727273,2.83333333333333
"L",2.57142857142857,2.93333333333333,3.14285714285714,3.14285714285714,0.415584415584416,2.82857142857143,1.6530612244898,0.228571428571429,2.28571428571429,0,0.142857142857143,3.57142857142857,2.14285714285714,1.92857142857143,2.04081632653061,5.71428571428571,2.57142857142857,0.428571428571429,1.4025974025974,1
"M",1.75,2.8,2.625,2,0.757575757575758,2.4,1.71428571428571,0.2,1,0.142857142857143,0,2.66666666666667,1.77777777777778,1.45833333333333,1,4,1.75,0.4,2.25,1.55555555555556
"N",1,3.8,0,0,4.09090909090909,0.4,0,2.8,0.4,3.57142857142857,2.66666666666667,0,1,0.375,1,0,1,2.8,4.29545454545455,2.33333333333333
"P",0.416666666666667,1.8,1.45833333333333,1,2.66666666666667,1,1,1.86666666666667,1.4,2.14285714285714,1.77777777777778,1,0,1,1,0,0.416666666666667,1.4,2.54545454545455,2.59722222222222
"Q",1,3.5,0.25,0.0625,3.27272727272727,1.5,0.142857142857143,2.1,0.6,1.92857142857143,1.45833333333333,0.375,1,0,0.357142857142857,1,1.875,2.1,2.76136363636364,2.66666666666667
"R",1.71428571428571,1.99047619047619,1.42857142857143,1.42857142857143,2.49350649350649,1.8,0.510204081632653,1.8,0.0857142857142857,2.04081632653061,1,1,1,0.357142857142857,0,1,1.71428571428571,2.28571428571429,0.493506493506494,2.42857142857143
"S",0,1,1,1,6.81818181818182,0,2.28571428571429,2.4,1,5.71428571428571,4,0,0,1,1,0,0,2.4,4.54545454545455,5
"T",0.25,2.26666666666667,1,1,3.18181818181818,1,1.71428571428571,1,1,2.57142857142857,1.75,1,0.416666666666667,1.875,1.71428571428571,0,0,1,5.09090909090909,3.125
"V",1,1.58666666666667,2.1,2.1,1.30909090909091,1.44,1.8,0.04,1.96,0.428571428571429,0.4,2.8,1.4,2.1,2.28571428571429,2.4,1,0,3.16363636363636,2
"W",5.09090909090909,2.25454545454545,3.625,4.09090909090909,0.867768595041322,3.54545454545455,1.62337662337662,2.8,2.12727272727273,1.4025974025974,2.25,4.29545454545455,2.54545454545455,2.76136363636364,0.493506493506494,4.54545454545455,5.09090909090909,3.16363636363636,0,1
"Y",4,0.855555555555556,3.1875,3.1875,0.0454545454545455,3.3,1,1.3,2.83333333333333,1,1.55555555555556,2.33333333333333,2.59722222222222,2.66666666666667,2.42857142857143,5,3.125,2,1,0
