"","A","C","D","E","F","G","H","I","K","L","M","N","P","Q","R","S","T","V","W","Y"
"A",0,3.4,0,1,5.2,0,2.33333333333333,1,2.5,4,2.4,1,0,1,2.33333333333333,0,0,1,8.90909090909091,5
"C",3.4,0,3.55555555555556,3.55555555555556,1.77333333333333,2.1,1.8,1.7,3,2.8,2.66666666666667,4.8,1.92,3.55555555555556,2.11111111111111,1,2.26666666666667,1.7,2.09090909090909,0.855555555555556
"D",0,3.55555555555556,0,0,4,0.5,0.555555555555556,2.5,1,3.88888888888889,2.33333333333333,0,1,0.111111111111111,1.55555555555556,1,1,2.5,4.39393939393939,3.11111111111111
"E",1,3.55555555555556,0,0,4,0.5,0.555555555555556,2.5,1,3,2.33333333333333,0,1,0.111111111111111,1,1,1,1.66666666666667,4.39393939393939,3.11111111111111
"F",5.2,1.77333333333333,4,4,0,3.375,1.6,0.675,3.375,0.35,0.72,5.2,2.52,3.26666666666667,2.33333333333333,5.2,3.25,1.375,0.859090909090909,0.025
"G",0,2.1,0.5,0.5,3.375,0,2,2.25,1.5625,3.33333333333333,2.1,0,1,1.66666666666667,2,0,1,1.5625,3.625,3.1875
"H",2.33333333333333,1.8,0.555555555555556,0.555555555555556,1.6,2,0,2,1,1.77777777777778,1.86666666666667,0,1,0,0.444444444444444,1,1.75,2,1.45454545454545,1
"I",1,1.7,2.5,2.5,0.675,2.25,2,0,2.25,0.125,0.3,4.5,2.1,2.5,2,2.5,1,0.0625,2.76136363636364,1
"K",2.5,3,1,1,3.375,1.5625,1,2.25,0,2.625,1,0,1.5,0.5,0,1,1,2.25,1.98863636363636,2.66666666666667
"L",4,2.8,3.88888888888889,3,0.35,3.33333333333333,1.77777777777778,0.125,2.625,0,0.0666666666666667,6,1.86666666666667,2.22222222222222,2.25,4,1.75,0.333333333333333,1.45454545454545,1
"M",2.4,2.66666666666667,2.33333333333333,2.33333333333333,0.72,2.1,1.86666666666667,0.3,1,0.0666666666666667,0,2.4,1.96,1.6,1,2.4,1,0.3,2.12727272727273,1.63333333333333
"N",1,4.8,0,0,5.2,0,0,4.5,0,6,2.4,0,1,0,1,0,1,2.5,5.90909090909091,3.5
"P",0,1.92,1,1,2.52,1,1,2.1,1.5,1.86666666666667,1.96,1,0,1,1,0,0.4,1.5,2.45454545454545,2.83333333333333
"Q",1,3.55555555555556,0.111111111111111,0.111111111111111,3.26666666666667,1.66666666666667,0,2.5,0.5,2.22222222222222,1.6,0,1,0,0.555555555555556,1,1,2.5,3.27272727272727,3.11111111111111
"R",2.33333333333333,2.11111111111111,1.55555555555556,1,2.33333333333333,2,0.444444444444444,2,0,2.25,1,1,1,0.555555555555556,0,1,1,2,0.431818181818182,2.22222222222222
"S",0,1,1,1,5.2,0,1,2.5,1,4,2.4,0,0,1,1,0,0,2.5,4.54545454545455,5
"T",0,2.26666666666667,1,1,3.25,1,1.75,1,1,1.75,1,1,0.4,1,1,0,0,1,4.29545454545455,3.125
"V",1,1.7,2.5,1.66666666666667,1.375,1.5625,2,0.0625,2.25,0.333333333333333,0.3,2.5,1.5,2.5,2,2.5,1,0,3.18181818181818,1.75
"W",8.90909090909091,2.09090909090909,4.39393939393939,4.39393939393939,0.859090909090909,3.625,1.45454545454545,2.76136363636364,1.98863636363636,1.45454545454545,2.12727272727273,5.90909090909091,2.45454545454545,3.27272727272727,0.431818181818182,4.54545454545455,4.29545454545455,3.18181818181818,0,0.875
"Y",5,0.855555555555556,3.11111111111111,3.11111111111111,0.025,3.1875,1,1,2.66666666666667,1,1.63333333333333,3.5,2.83333333333333,3.11111111111111,2.22222222222222,5,3.125,1.75,0.875,0
