"","A","C","D","E","F","G","H","I","K","L","M","N","P","Q","R","S","T","V","W","Y"
"A",0,3.33333333333333,0,0,6.66666666666667,0,2.28571428571429,1,2.4,3.85714285714286,2.33333333333333,1,0,1,2.33333333333333,0,0,1,10.0740740740741,6.42857142857143
"C",3.33333333333333,0,3.33333333333333,3.33333333333333,1.62962962962963,2.2,1.92063492063492,2.04166666666667,2.93333333333333,2.77777777777778,2.66666666666667,3.66666666666667,1.75,4,2.03703703703704,1,2.22222222222222,1.66666666666667,2,0.876984126984127
"D",0,3.33333333333333,0,0,3.75,0.6,0.642857142857143,2.25,0.6,3.14285714285714,2,0,1,0.166666666666667,1.45833333333333,0,1,2.25,3.88888888888889,3.05357142857143
"E",0,3.33333333333333,0,0,3.75,0.6,0.642857142857143,2.25,1,2.5,2,0,1,0,1,1,1,2.25,3.88888888888889,3.05357142857143
"F",6.66666666666667,1.62962962962963,3.75,3.75,0,3.3,1.5,0.416666666666667,3.3,0.428571428571429,0.763888888888889,4,2.59722222222222,3.77777777777778,2.59722222222222,6.66666666666667,3.125,1.35416666666667,0.771604938271605,0.0178571428571429
"G",0,2.2,0.6,0.6,3.3,0,1.8,2.1,1.44,2.82857142857143,2.4,0.4,1,1.6,1.86666666666667,0,0.4,1.5,3.37037037037037,3.14285714285714
"H",2.28571428571429,1.92063492063492,0.642857142857143,0.642857142857143,1.5,1.8,0,1.92857142857143,0.685714285714286,1.6530612244898,1.71428571428571,0,1,0,0.476190476190476,1,1.71428571428571,1.92857142857143,1.58730158730159,1
"I",1,2.04166666666667,2.25,2.25,0.416666666666667,2.1,1.92857142857143,0,2.1,0.142857142857143,0.125,3,2,2.5,2,2.5,1,0,3.05555555555556,1
"K",2.4,2.93333333333333,0.6,1,3.3,1.44,0.685714285714286,2.1,0,2.28571428571429,1,0.4,1.4,0.533333333333333,0.0666666666666667,1,1,2.1,2.06666666666667,2.71428571428571
"L",3.85714285714286,2.77777777777778,3.14285714285714,2.5,0.428571428571429,2.82857142857143,1.6530612244898,0.142857142857143,2.28571428571429,0,0.0476190476190476,3.57142857142857,2.14285714285714,2.14285714285714,2.14285714285714,5.71428571428571,2.57142857142857,0.142857142857143,1.38095238095238,1
"M",2.33333333333333,2.66666666666667,2,2,0.763888888888889,2.4,1.71428571428571,0.125,1,0.0476190476190476,0,2.66666666666667,1.77777777777778,1.55555555555556,1,4,1.75,0.333333333333333,1.91358024691358,1.52380952380952
"N",1,3.66666666666667,0,0,4,0.4,0,3,0.4,3.57142857142857,2.66666666666667,0,1,0.333333333333333,0.416666666666667,0,0.25,3,4.14814814814815,3.03571428571429
"P",0,1.75,1,1,2.59722222222222,1,1,2,1.4,2.14285714285714,1.77777777777778,1,0,0.555555555555556,1,0,0.416666666666667,1.45833333333333,2.44444444444444,2.48809523809524
"Q",1,4,0.166666666666667,0,3.77777777777778,1.6,0,2.5,0.533333333333333,2.14285714285714,1.55555555555556,0.333333333333333,0.555555555555556,0,0.222222222222222,1,1,2.5,3.16049382716049,3
"R",2.33333333333333,2.03703703703704,1.45833333333333,1,2.59722222222222,1.86666666666667,0.476190476190476,2,0.0666666666666667,2.14285714285714,1,0.416666666666667,1,0.222222222222222,0,1,1,2,0.283950617283951,2.48809523809524
"S",0,1,0,1,6.66666666666667,0,1,2.5,1,5.71428571428571,4,0,0,1,1,0,0,2.5,4.44444444444444,4.85714285714286
"T",0,2.22222222222222,1,1,3.125,0.4,1.71428571428571,1,1,2.57142857142857,1.75,0.25,0.416666666666667,1,1,0,0,1,4.88888888888889,3.03571428571429
"V",1,1.66666666666667,2.25,2.25,1.35416666666667,1.5,1.92857142857143,0,2.1,0.142857142857143,0.333333333333333,3,1.45833333333333,2.5,2,2.5,1,0,3.46296296296296,1.71428571428571
"W",10.0740740740741,2,3.88888888888889,3.88888888888889,0.771604938271605,3.37037037037037,1.58730158730159,3.05555555555556,2.06666666666667,1.38095238095238,1.91358024691358,4.14814814814815,2.44444444444444,3.16049382716049,0.283950617283951,4.44444444444444,4.88888888888889,3.46296296296296,0,0.894179894179894
"Y",6.42857142857143,0.876984126984127,3.05357142857143,3.05357142857143,0.0178571428571429,3.14285714285714,1,1,2.71428571428571,1,1.52380952380952,3.03571428571429,2.48809523809524,3,2.48809523809524,4.85714285714286,3.03571428571429,1.71428571428571,0.894179894179894,0
