"","A","C","D","E","F","G","H","I","K","L","M","N","P","Q","R","S","T","V","W","Y"
"A",0,3.27272727272727,0,0,4.85714285714286,0,1,1,1,2.28571428571429,2.5,1,0,1,2.4,0,0,1,8.23529411764706,6.33333333333333
"C",3.27272727272727,0,3.27272727272727,3.27272727272727,1.51948051948052,1.98863636363636,2.12727272727273,1.81818181818182,2.76136363636364,2.36363636363636,2.76136363636364,5.90909090909091,1.98863636363636,4.29545454545455,2.12727272727273,1,3.27272727272727,1.81818181818182,1.78208556149733,0.787878787878788
"D",0,3.27272727272727,0,0,3.61904761904762,0.5,0.533333333333333,2.77777777777778,0.5,2.85714285714286,2.5,0,1,0,1,0,1,1.77777777777778,4.01960784313725,3.55555555555556
"E",0,3.27272727272727,0,0,3.61904761904762,0.5,0.533333333333333,2.77777777777778,0.5,2.85714285714286,2.5,0,1,0,1,0,1,1.77777777777778,4.01960784313725,3.55555555555556
"F",4.85714285714286,1.51948051948052,3.61904761904762,3.61904761904762,0,3.05357142857143,1.6,0.285714285714286,3.05357142857143,0.306122448979592,0.696428571428571,6.42857142857143,3.05357142857143,3.85714285714286,2.71428571428571,6.42857142857143,4.85714285714286,1,0.716386554621849,0.00952380952380952
"G",0,1.98863636363636,0.5,0.5,3.05357142857143,0,1.5,2.5,1.5625,2.5,2.25,0,0.5625,1,1.5,0,0,1.66666666666667,3.70588235294118,3
"H",1,2.12727272727273,0.533333333333333,0.533333333333333,1.6,1.5,0,2.33333333333333,0.6,1.8,1.5,0,1,0,0.36,1,1,2.33333333333333,1.74117647058824,1
"I",1,1.81818181818182,2.77777777777778,2.77777777777778,0.285714285714286,2.5,2.33333333333333,0,2.5,0,0,2.66666666666667,1.66666666666667,2,2.33333333333333,2.66666666666667,1,0,3.05882352941176,1
"K",1,2.76136363636364,0.5,0.5,3.05357142857143,1.5625,0.6,2.5,0,1.92857142857143,1,0,1,0.375,0,1,1,2.5,1.90441176470588,3
"L",2.28571428571429,2.36363636363636,2.85714285714286,2.85714285714286,0.306122448979592,2.5,1.8,0,1.92857142857143,0,0,3.85714285714286,1.92857142857143,2.57142857142857,2.28571428571429,3.85714285714286,2.28571428571429,0,1.17647058823529,0.8
"M",2.5,2.76136363636364,2.5,2.5,0.696428571428571,2.25,1.5,0,1,0,0,2.5,1.5625,1.875,1,2.5,1,0.166666666666667,2.23529411764706,1.33333333333333
"N",1,5.90909090909091,0,0,6.42857142857143,0,0,2.66666666666667,0,3.85714285714286,2.5,0,1,0,0,0,1,2.66666666666667,6.88235294117647,4.8
"P",0,1.98863636363636,1,1,3.05357142857143,0.5625,1,1.66666666666667,1,1.92857142857143,1.5625,1,0,0.375,1,0,0,1.66666666666667,2.94117647058824,3
"Q",1,4.29545454545455,0,0,3.85714285714286,1,0,2,0.375,2.57142857142857,1.875,0,0.375,0,0,1,1,2,4.01470588235294,3.8
"R",2.4,2.12727272727273,1,1,2.71428571428571,1.5,0.36,2.33333333333333,0,2.28571428571429,1,0,1,0,0,1,1,2.33333333333333,0.176470588235294,2.28
"S",0,1,0,0,6.42857142857143,0,1,2.66666666666667,1,3.85714285714286,2.5,0,0,1,1,0,0,2.66666666666667,4.35294117647059,4.8
"T",0,3.27272727272727,1,1,4.85714285714286,0,1,1,1,2.28571428571429,1,1,0,1,1,0,0,1,8.23529411764706,4.8
"V",1,1.81818181818182,1.77777777777778,1.77777777777778,1,1.66666666666667,2.33333333333333,0,2.5,0,0.166666666666667,2.66666666666667,1.66666666666667,2,2.33333333333333,2.66666666666667,1,0,3.52941176470588,1.88888888888889
"W",8.23529411764706,1.78208556149733,4.01960784313725,4.01960784313725,0.716386554621849,3.70588235294118,1.74117647058824,3.05882352941176,1.90441176470588,1.17647058823529,2.23529411764706,6.88235294117647,2.94117647058824,4.01470588235294,0.176470588235294,4.35294117647059,8.23529411764706,3.52941176470588,0,0.815686274509804
"Y",6.33333333333333,0.787878787878788,3.55555555555556,3.55555555555556,0.00952380952380952,3,1,1,3,0.8,1.33333333333333,4.8,3,3.8,2.28,4.8,4.8,1.88888888888889,0.815686274509804,0
