"","A","C","D","E","F","G","H","I","K","L","M","N","P","Q","R","S","T","V","W","Y"
"A",0,3.33333333333333,2.14285714285714,1.71428571428571,3.85185185185185,1.36111111111111,3.33333333333333,2.5,4,3.14285714285714,2.27272727272727,2.14285714285714,1.3125,2.0625,3.5,1,1,1.71428571428571,5.76923076923077,3.68333333333333
"C",3.33333333333333,0,6.33333333333333,6.33333333333333,4.93827160493827,4.40740740740741,3.16049382716049,2.52777777777778,7,6.98412698412698,4.87878787878788,4.57142857142857,3.33333333333333,5.83333333333333,3.33333333333333,1.62962962962963,3.55555555555556,2.66666666666667,5.30769230769231,1.73333333333333
"D",2.14285714285714,6.33333333333333,0,0.326530612244898,6.98412698412698,2.14285714285714,1.9047619047619,3.25,2.61904761904762,6.61224489795918,4.15584415584416,0.510204081632653,3.75,1.60714285714286,4.85714285714286,2.14285714285714,2.46938775510204,4,5.71428571428571,4.85714285714286
"E",1.71428571428571,6.33333333333333,0.326530612244898,0,6.33333333333333,2.14285714285714,2.26984126984127,2.78571428571429,2.61904761904762,4.59183673469388,2.87012987012987,1.30612244897959,2.78571428571429,0.535714285714286,4.28571428571429,2.61904761904762,2.93877551020408,3.44897959183673,6.76923076923077,3.85714285714286
"F",3.85185185185185,4.93827160493827,6.98412698412698,6.33333333333333,0,4.40740740740741,2.41975308641975,1.52777777777778,7,1.57142857142857,1.6969696969697,4.04761904761905,4.25,5.27777777777778,3.77777777777778,3.33333333333333,4.04761904761905,3.55555555555556,1.88888888888889,0.622222222222222
"G",1.36111111111111,4.40740740740741,2.14285714285714,2.14285714285714,4.40740740740741,0,4.40740740740741,5.3125,4,5.71428571428571,3.54545454545455,1.71428571428571,2.97916666666667,3.5,4.66666666666667,1.36111111111111,3.14285714285714,3.14285714285714,6.33333333333333,6.6
"H",3.33333333333333,3.16049382716049,1.9047619047619,2.26984126984127,2.41975308641975,4.40740740740741,0,3.77777777777778,2.85185185185185,2.66666666666667,3.63636363636364,0.761904761904762,1.83333333333333,0.777777777777778,1.25,2.85185185185185,3.0952380952381,3.0952380952381,2.43589743589744,1.73333333333333
"I",2.5,2.52777777777778,3.25,2.78571428571429,1.52777777777778,5.3125,3.77777777777778,0,2.97916666666667,1.28571428571429,1,2.35714285714286,3.515625,3.515625,2.640625,3.5,1.60714285714286,0.535714285714286,4.80769230769231,2.4375
"K",4,7,2.61904761904762,2.61904761904762,7,4,2.85185185185185,2.97916666666667,0,4.33333333333333,1.27272727272727,1,3.5,1.66666666666667,0.729166666666667,2.25,1.71428571428571,5,4.71794871794872,4.2
"L",3.14285714285714,6.98412698412698,6.61224489795918,4.59183673469388,1.57142857142857,5.71428571428571,2.66666666666667,1.28571428571429,4.33333333333333,0,0.779220779220779,3.44897959183673,3.25,2.35714285714286,4.28571428571429,4.33333333333333,3.44897959183673,1.6530612244898,2.37362637362637,2.97142857142857
"M",2.27272727272727,4.87878787878788,4.15584415584416,2.87012987012987,1.6969696969697,3.54545454545455,3.63636363636364,1,1.27272727272727,0.779220779220779,0,3.27272727272727,3.06818181818182,1.75,1.75,2.66666666666667,1.81818181818182,1.24675324675325,3.69230769230769,3.81818181818182
"N",2.14285714285714,4.57142857142857,0.510204081632653,1.30612244897959,4.04761904761905,1.71428571428571,0.761904761904762,2.35714285714286,1,3.44897959183673,3.27272727272727,0,2.78571428571429,1.96428571428571,2.78571428571429,1,1.30612244897959,4,3.07692307692308,2.2
"P",1.3125,3.33333333333333,3.75,2.78571428571429,4.25,2.97916666666667,1.83333333333333,3.515625,3.5,3.25,3.06818181818182,2.78571428571429,0,1.5625,1.890625,1.3125,1.96428571428571,2.78571428571429,4.80769230769231,5.5
"Q",2.0625,5.83333333333333,1.60714285714286,0.535714285714286,5.27777777777778,3.5,0.777777777777778,3.515625,1.66666666666667,2.35714285714286,1.75,1.96428571428571,1.5625,0,1.265625,2.5,2.78571428571429,3.25,4.38461538461539,4.5
"R",3.5,3.33333333333333,4.85714285714286,4.28571428571429,3.77777777777778,4.66666666666667,1.25,2.640625,0.729166666666667,4.28571428571429,1.75,2.78571428571429,1.890625,1.265625,0,1.66666666666667,2.78571428571429,3.75,1.21153846153846,4.0375
"S",1,1.62962962962963,2.14285714285714,2.61904761904762,3.33333333333333,1.36111111111111,2.85185185185185,3.5,2.25,4.33333333333333,2.66666666666667,1,1.3125,2.5,1.66666666666667,0,0.714285714285714,3.14285714285714,2.17948717948718,3.2
"T",1,3.55555555555556,2.46938775510204,2.93877551020408,4.04761904761905,3.14285714285714,3.0952380952381,1.60714285714286,1.71428571428571,3.44897959183673,1.81818181818182,1.30612244897959,1.96428571428571,2.78571428571429,2.78571428571429,0.714285714285714,0,1.6530612244898,4.74725274725275,2.97142857142857
"V",1.71428571428571,2.66666666666667,4,3.44897959183673,3.55555555555556,3.14285714285714,3.0952380952381,0.535714285714286,5,1.6530612244898,1.24675324675325,4,2.78571428571429,3.25,3.75,3.14285714285714,1.6530612244898,0,6.23076923076923,2.97142857142857
"W",5.76923076923077,5.30769230769231,5.71428571428571,6.76923076923077,1.88888888888889,6.33333333333333,2.43589743589744,4.80769230769231,4.71794871794872,2.37362637362637,3.69230769230769,3.07692307692308,4.80769230769231,4.38461538461539,1.21153846153846,2.17948717948718,4.74725274725275,6.23076923076923,0,1.83076923076923
"Y",3.68333333333333,1.73333333333333,4.85714285714286,3.85714285714286,0.622222222222222,6.6,1.73333333333333,2.4375,4.2,2.97142857142857,3.81818181818182,2.2,5.5,4.5,4.0375,3.2,2.97142857142857,2.97142857142857,1.83076923076923,0
