"","A","C","D","E","F","G","H","I","K","L","M","N","P","Q","R","S","T","V","W","Y"
"A",0,3.31578947368421,0,0,5,0,1,1,1,2.28571428571429,2.5,1,0,1,2.4,0,0,1,8.4,4.85714285714286
"C",3.31578947368421,0,3.36842105263158,3.36842105263158,1.44736842105263,2.02631578947368,1.85263157894737,1.84210526315789,2.84210526315789,2.44360902255639,2.84210526315789,4.63157894736842,1.65789473684211,4.42105263157895,2.17894736842105,1,3.31578947368421,1.84210526315789,1.91578947368421,0.766917293233083
"D",0,3.36842105263158,0,0,3.77777777777778,0.5,0.533333333333333,2.77777777777778,0.5,2.85714285714286,2.5,0,1,0,1,0,1,1.77777777777778,4.11111111111111,3
"E",0,3.36842105263158,0,0,3.77777777777778,0.5,0.533333333333333,2.77777777777778,0.5,2.85714285714286,2.5,0,1,0,1,0,1,1.77777777777778,4.11111111111111,3
"F",5,1.44736842105263,3.77777777777778,3.77777777777778,0,3.1875,1.63333333333333,0.277777777777778,3.1875,0.428571428571429,0.6875,5,2.66666666666667,4,2.4,5,5,1,0.777777777777778,0.0178571428571429
"G",0,2.02631578947368,0.5,0.5,3.1875,0,1.5,2.5,1.5625,2.5,2.25,0,0.5625,1,1.5,0,0,1.66666666666667,3.39166666666667,3.05357142857143
"H",1,1.85263157894737,0.533333333333333,0.533333333333333,1.63333333333333,1.5,0,2.33333333333333,0.6,1.8,1.5,0,1,0,0.36,1,1,2.33333333333333,1.49333333333333,1
"I",1,1.84210526315789,2.77777777777778,2.77777777777778,0.277777777777778,2.5,2.33333333333333,0,2.5,0,0.166666666666667,2.66666666666667,1.66666666666667,2,2.33333333333333,2.66666666666667,1,0,3.11111111111111,1
"K",1,2.84210526315789,0.5,0.5,3.1875,1.5625,0.6,2.5,0,1.92857142857143,1,0,1,0.375,0,1,1,2.5,1.925,2.57142857142857
"L",2.28571428571429,2.44360902255639,2.85714285714286,2.85714285714286,0.428571428571429,2.5,1.8,0,1.92857142857143,0,0,3.85714285714286,1.92857142857143,2.57142857142857,1.8,3.85714285714286,2.28571428571429,0,1.18095238095238,0.795918367346939
"M",2.5,2.84210526315789,2.5,2.5,0.6875,2.25,1.5,0.166666666666667,1,0,0,2.5,1.5625,1.875,1,2.5,1,0.166666666666667,2.26666666666667,1.33928571428571
"N",1,4.63157894736842,0,0,5,0,0,2.66666666666667,0,3.85714285714286,2.5,0,1,0,0,0,1,2.66666666666667,5.66666666666667,4.85714285714286
"P",0,1.65789473684211,1,1,2.66666666666667,0.5625,1,1.66666666666667,1,1.92857142857143,1.5625,1,0,0.375,1,0,0,1.66666666666667,3,3.05357142857143
"Q",1,4.42105263157895,0,0,4,1,0,2,0.375,2.57142857142857,1.875,0,0.375,0,0.4,1,1,2,4.08333333333333,3.85714285714286
"R",2.4,2.17894736842105,1,1,2.4,1.5,0.36,2.33333333333333,0,1.8,1,0,1,0.4,0,1,1,2.33333333333333,0.173333333333333,2.31428571428571
"S",0,1,0,0,5,0,1,2.66666666666667,1,3.85714285714286,2.5,0,0,1,1,0,0,2.66666666666667,4.4,4.85714285714286
"T",0,3.31578947368421,1,1,5,0,1,1,1,2.28571428571429,1,1,0,1,1,0,0,1,7,4.85714285714286
"V",1,1.84210526315789,1.77777777777778,1.77777777777778,1,1.66666666666667,2.33333333333333,0,2.5,0,0.166666666666667,2.66666666666667,1.66666666666667,2,2.33333333333333,2.66666666666667,1,0,3.6,1.9047619047619
"W",8.4,1.91578947368421,4.11111111111111,4.11111111111111,0.777777777777778,3.39166666666667,1.49333333333333,3.11111111111111,1.925,1.18095238095238,2.26666666666667,5.66666666666667,3,4.08333333333333,0.173333333333333,4.4,7,3.6,0,0.8
"Y",4.85714285714286,0.766917293233083,3,3,0.0178571428571429,3.05357142857143,1,1,2.57142857142857,0.795918367346939,1.33928571428571,4.85714285714286,3.05357142857143,3.85714285714286,2.31428571428571,4.85714285714286,4.85714285714286,1.9047619047619,0.8,0
