"","A","C","D","E","F","G","H","I","K","L","M","N","P","Q","R","S","T","V","W","Y"
"A",0,3.3,0,0,4.92307692307692,0,2.4,1,1,3.85714285714286,2.5,1,0,1,2.4,0,0,1,8.4,6.42857142857143
"C",3.3,0,3.33333333333333,3.33333333333333,1.56923076923077,2.0125,2.16,1.65,2.8125,2.41428571428571,2.8125,6,1.54,3.33333333333333,2.16,1,3.3,1.83333333333333,1.885,0.882142857142857
"D",0,3.33333333333333,0,0,3.69230769230769,0.5,0.533333333333333,2.5,0.5,2.85714285714286,2.5,0,1,0.111111111111111,1,0,1,1.77777777777778,4.11111111111111,3.61904761904762
"E",0,3.33333333333333,0,0,3.69230769230769,0.5,0.533333333333333,2.5,0.5,2.85714285714286,2.5,0,1,0.111111111111111,1,0,1,1.77777777777778,4.11111111111111,3.61904761904762
"F",4.92307692307692,1.56923076923077,3.69230769230769,3.69230769230769,0,3.11538461538462,1.61538461538462,0.423076923076923,3.11538461538462,0.296703296703297,0.692307692307692,6.53846153846154,2.76923076923077,3.05128205128205,2.35384615384615,4.92307692307692,4.92307692307692,1,0.78974358974359,0.010989010989011
"G",0,2.0125,0.5,0.5,3.11538461538462,0,1.5,2.25,1.5625,2.5,2.25,0,1,1,1.5,0,0,1.66666666666667,3.8,3.05357142857143
"H",2.4,2.16,0.533333333333333,0.533333333333333,1.61538461538462,1.5,0,2.1,0.6,1.8,1.5,0,1,0,0.36,1,2.4,2.33333333333333,1.49333333333333,1
"I",1,1.65,2.5,2.5,0.423076923076923,2.25,2.1,0,2.25,0.142857142857143,0.0625,2.5,1.5,1.66666666666667,2.1,2.5,1,0,2.625,1
"K",1,2.8125,0.5,0.5,3.11538461538462,1.5625,0.6,2.25,0,1.92857142857143,1,0,1,0.5,0,1,1,2.5,1.925,3.05357142857143
"L",3.85714285714286,2.41428571428571,2.85714285714286,2.85714285714286,0.296703296703297,2.5,1.8,0.142857142857143,1.92857142857143,0,0,3.85714285714286,1.8,2.14285714285714,2.28571428571429,3.85714285714286,2.28571428571429,0,1.18095238095238,0.795918367346939
"M",2.5,2.8125,2.5,2.5,0.692307692307692,2.25,1.5,0.0625,1,0,0,2.5,1.5,1.66666666666667,1,2.5,1,0.166666666666667,2.26666666666667,1.33928571428571
"N",1,6,0,0,6.53846153846154,0,0,2.5,0,3.85714285714286,2.5,0,1,0,0,0,1,2.66666666666667,5.66666666666667,4.85714285714286
"P",0,1.54,1,1,2.76923076923077,1,1,1.5,1,1.8,1.5,1,0,0.533333333333333,1,0,0,1.6,2.64,2.71428571428571
"Q",1,3.33333333333333,0.111111111111111,0.111111111111111,3.05128205128205,1,0,1.66666666666667,0.5,2.14285714285714,1.66666666666667,0,0.533333333333333,0,0.2,1,1,1.77777777777778,3.11111111111111,3
"R",2.4,2.16,1,1,2.35384615384615,1.5,0.36,2.1,0,2.28571428571429,1,0,1,0.2,0,1,1,2.33333333333333,0.173333333333333,2.31428571428571
"S",0,1,0,0,4.92307692307692,0,1,2.5,1,3.85714285714286,2.5,0,0,1,1,0,0,2.66666666666667,4.4,4.85714285714286
"T",0,3.3,1,1,4.92307692307692,0,2.4,1,1,2.28571428571429,1,1,0,1,1,0,0,1,7,4.85714285714286
"V",1,1.83333333333333,1.77777777777778,1.77777777777778,1,1.66666666666667,2.33333333333333,0,2.5,0,0.166666666666667,2.66666666666667,1.6,1.77777777777778,2.33333333333333,2.66666666666667,1,0,3.6,1.9047619047619
"W",8.4,1.885,4.11111111111111,4.11111111111111,0.78974358974359,3.8,1.49333333333333,2.625,1.925,1.18095238095238,2.26666666666667,5.66666666666667,2.64,3.11111111111111,0.173333333333333,4.4,7,3.6,0,0.8
"Y",6.42857142857143,0.882142857142857,3.61904761904762,3.61904761904762,0.010989010989011,3.05357142857143,1,1,3.05357142857143,0.795918367346939,1.33928571428571,4.85714285714286,2.71428571428571,3,2.31428571428571,4.85714285714286,4.85714285714286,1.9047619047619,0.8,0
