"","A","C","D","E","F","G","H","I","K","L","M","N","P","Q","R","S","T","V","W","Y"
"A",0,3.11111111111111,1.8,1.37142857142857,4.26666666666667,1.4,3.11111111111111,2.2,3.66666666666667,3.66666666666667,2.52,1.8,1,2.2,3.25,1,1,1.37142857142857,5.90769230769231,3.66666666666667
"C",3.11111111111111,0,5.71428571428571,5.71428571428571,4.45679012345679,3.85185185185185,2.77777777777778,2.52777777777778,6.2962962962963,7,4.66666666666667,4.04761904761905,2.91666666666667,5.27777777777778,2.91666666666667,1.62962962962963,3.33333333333333,2.66666666666667,4.88888888888889,1.77777777777778
"D",1.8,5.71428571428571,0,0.326530612244898,6.33333333333333,1.71428571428571,1.57142857142857,3.25,2.14285714285714,6.47619047619048,3.85714285714286,0.510204081632653,3.25,1.28571428571429,3.75,1.71428571428571,2.14285714285714,3.44897959183673,5.21978021978022,4.57142857142857
"E",1.37142857142857,5.71428571428571,0.326530612244898,0,5.71428571428571,2.14285714285714,1.9047619047619,2.35714285714286,2.14285714285714,4.33333333333333,2.57142857142857,1.30612244897959,2.35714285714286,0.535714285714286,3.75,2.14285714285714,2.61904761904762,2.93877551020408,5.71428571428571,3.55555555555556
"F",4.26666666666667,4.45679012345679,6.33333333333333,5.71428571428571,0,4.40740740740741,2.41975308641975,1.25,6.2962962962963,1.2962962962963,1.73333333333333,3.55555555555556,3.77777777777778,4.75,3.77777777777778,2.85185185185185,3.85185185185185,3.0952380952381,1.64102564102564,0.444444444444444
"G",1.4,3.85185185185185,1.71428571428571,2.14285714285714,4.40740740740741,0,3.85185185185185,4.66666666666667,4,6.25,3.68333333333333,1.71428571428571,2.5,2.97916666666667,4.0625,1.36111111111111,2.77777777777778,2.61904761904762,5.76923076923077,6.2962962962963
"H",3.11111111111111,2.77777777777778,1.57142857142857,1.9047619047619,2.41975308641975,3.85185185185185,0,3.33333333333333,2.40740740740741,2.85185185185185,3.4,0.761904761904762,1.83333333333333,0.583333333333333,1,2.40740740740741,2.85185185185185,2.66666666666667,2.43589743589744,1.49382716049383
"I",2.2,2.52777777777778,3.25,2.35714285714286,1.25,4.66666666666667,3.33333333333333,0,2.97916666666667,1,1,2.35714285714286,3.515625,3.0625,2.25,2.97916666666667,1.3125,0.357142857142857,4.38461538461539,2.52777777777778
"K",3.66666666666667,6.2962962962963,2.14285714285714,2.14285714285714,6.2962962962963,4,2.40740740740741,2.97916666666667,0,4,1.28333333333333,1,2.97916666666667,1.66666666666667,0.729166666666667,2.25,1.77777777777778,4.33333333333333,4.23076923076923,4.40740740740741
"L",3.66666666666667,7,6.47619047619048,4.33333333333333,1.2962962962963,6.25,2.85185185185185,1,4,0,0.533333333333333,3.71428571428571,3.5,2.5,4.0625,4.69444444444444,3.36111111111111,1.33333333333333,2.53846153846154,2.85185185185185
"M",2.52,4.66666666666667,3.85714285714286,2.57142857142857,1.73333333333333,3.68333333333333,3.4,1,1.28333333333333,0.533333333333333,0,2.97142857142857,2.8,1.7875,1.7875,2.33333333333333,1.95,1,3.53846153846154,3.4
"N",1.8,4.04761904761905,0.510204081632653,1.30612244897959,3.55555555555556,1.71428571428571,0.761904761904762,2.35714285714286,1,3.71428571428571,2.97142857142857,0,2.35714285714286,1.60714285714286,2.35714285714286,0.714285714285714,1.33333333333333,3.44897959183673,3.07692307692308,1.9047619047619
"P",1,2.91666666666667,3.25,2.35714285714286,3.77777777777778,2.5,1.83333333333333,3.515625,2.97916666666667,3.5,2.8,2.35714285714286,0,1.5625,1.890625,1.3125,2.0625,2.35714285714286,4.38461538461539,5.27777777777778
"Q",2.2,5.27777777777778,1.28571428571429,0.535714285714286,4.75,2.97916666666667,0.583333333333333,3.0625,1.66666666666667,2.5,1.7875,1.60714285714286,1.5625,0,1,2.5,2.5,2.78571428571429,3.98076923076923,4.25
"R",3.25,2.91666666666667,3.75,3.75,3.77777777777778,4.0625,1,2.25,0.729166666666667,4.0625,1.7875,2.35714285714286,1.890625,1,0,1.66666666666667,2.97916666666667,3.25,1.21153846153846,3.77777777777778
"S",1,1.62962962962963,1.71428571428571,2.14285714285714,2.85185185185185,1.36111111111111,2.40740740740741,2.97916666666667,2.25,4.69444444444444,2.33333333333333,0.714285714285714,1.3125,2.5,1.66666666666667,0,0.694444444444445,2.61904761904762,2.17948717948718,2.85185185185185
"T",1,3.33333333333333,2.14285714285714,2.61904761904762,3.85185185185185,2.77777777777778,2.85185185185185,1.3125,1.77777777777778,3.36111111111111,1.95,1.33333333333333,2.0625,2.5,2.97916666666667,0.694444444444445,0,1.71428571428571,4.71794871794872,2.85185185185185
"V",1.37142857142857,2.66666666666667,3.44897959183673,2.93877551020408,3.0952380952381,2.61904761904762,2.66666666666667,0.357142857142857,4.33333333333333,1.33333333333333,1,3.44897959183673,2.35714285714286,2.78571428571429,3.25,2.61904761904762,1.71428571428571,0,5.21978021978022,3.0952380952381
"W",5.90769230769231,4.88888888888889,5.21978021978022,5.71428571428571,1.64102564102564,5.76923076923077,2.43589743589744,4.38461538461539,4.23076923076923,2.53846153846154,3.53846153846154,3.07692307692308,4.38461538461539,3.98076923076923,1.21153846153846,2.17948717948718,4.71794871794872,5.21978021978022,0,1.88888888888889
"Y",3.66666666666667,1.77777777777778,4.57142857142857,3.55555555555556,0.444444444444444,6.2962962962963,1.49382716049383,2.52777777777778,4.40740740740741,2.85185185185185,3.4,1.9047619047619,5.27777777777778,4.25,3.77777777777778,2.85185185185185,2.85185185185185,3.0952380952381,1.88888888888889,0
