"","A","C","D","E","F","G","H","I","K","L","M","N","P","Q","R","S","T","V","W","Y"
"A",0,2.88888888888889,1.45833333333333,1.45833333333333,3.65625,1,3,1.92857142857143,3.33333333333333,3.33333333333333,2.33333333333333,1.5,1,1.92857142857143,3.14285714285714,0.5625,0.6,1,4.84615384615385,3.5
"C",2.88888888888889,0,5,5,3.77777777777778,3.33333333333333,2.52777777777778,2.26984126984127,5,5,3.5679012345679,3.66666666666667,2.66666666666667,4.57142857142857,2.66666666666667,1.38888888888889,2.6,2,3.73504273504274,1.49382716049383
"D",1.45833333333333,5,0,0.111111111111111,5.3125,1.36111111111111,1.3125,2.61904761904762,1.77777777777778,4.69444444444444,3.33333333333333,0.2,2.61904761904762,1,3.14285714285714,1.45833333333333,1.86666666666667,3.36111111111111,4.71794871794872,3.85185185185185
"E",1.45833333333333,5,0.111111111111111,0,5.3125,1.77777777777778,1.66666666666667,2.14285714285714,1.77777777777778,4,2.40740740740741,1,2.14285714285714,0.476190476190476,2.61904761904762,2,2.4,2.77777777777778,5.23076923076923,3.33333333333333
"F",3.65625,3.77777777777778,5.3125,5.3125,0,3.5,1.890625,1,5.3125,1,1.52777777777778,3.25,3.75,4.28571428571429,3.25,3,3.25,2.5,1.44230769230769,0.277777777777778
"G",1,3.33333333333333,1.36111111111111,1.77777777777778,3.5,0,2.97916666666667,3.71428571428571,2.77777777777778,4.69444444444444,2.85185185185185,1.4,2.14285714285714,2.61904761904762,3.71428571428571,1,1.86666666666667,2.25,4.71794871794872,4.40740740740741
"H",3,2.52777777777778,1.3125,1.66666666666667,1.890625,2.97916666666667,0,2.78571428571429,2.0625,2.5,2.52777777777778,0.45,1.60714285714286,0.535714285714286,1,2.40625,2.7,2.5,1.96153846153846,1.25
"I",1.92857142857143,2.26984126984127,2.61904761904762,2.14285714285714,1,3.71428571428571,2.78571428571429,0,2.61904761904762,0.714285714285714,0.761904761904762,2.28571428571429,2.93877551020408,2.46938775510204,2.04081632653061,3.14285714285714,1.37142857142857,0.285714285714286,3.46153846153846,1.9047619047619
"K",3.33333333333333,5,1.77777777777778,1.77777777777778,5.3125,2.77777777777778,2.0625,2.61904761904762,0,3.36111111111111,1,1,2.61904761904762,1.33333333333333,0.476190476190476,2,1.4,3.36111111111111,3.33333333333333,3.33333333333333
"L",3.33333333333333,5,4.69444444444444,4,1,4.69444444444444,2.5,0.714285714285714,3.36111111111111,0,0.518518518518519,3.66666666666667,2.61904761904762,2.14285714285714,3.14285714285714,4.125,3,1,1.84615384615385,2.40740740740741
"M",2.33333333333333,3.5679012345679,3.33333333333333,2.40740740740741,1.52777777777778,2.85185185185185,2.52777777777778,0.761904761904762,1,0.518518518518518,0,2.6,2.66666666666667,1.57142857142857,1.57142857142857,2.33333333333333,1.71111111111111,0.740740740740741,2.73504273504274,2.77777777777778
"N",1.5,3.66666666666667,0.2,1,3.25,1.4,0.45,2.28571428571429,1,3.66666666666667,2.6,0,2.28571428571429,1.37142857142857,1.8,0.6,1,3,2.76923076923077,2.13333333333333
"P",1,2.66666666666667,2.61904761904762,2.14285714285714,3.75,2.14285714285714,1.60714285714286,2.93877551020408,2.61904761904762,2.61904761904762,2.66666666666667,2.28571428571429,0,1.30612244897959,1.6530612244898,1,1.8,2.14285714285714,3.86813186813187,4.04761904761905
"Q",1.92857142857143,4.57142857142857,1,0.476190476190476,4.28571428571429,2.61904761904762,0.535714285714286,2.46938775510204,1.33333333333333,2.14285714285714,1.57142857142857,1.37142857142857,1.30612244897959,0,1,2.5,2.28571428571429,2.61904761904762,3.46153846153846,3.55555555555556
"R",3.14285714285714,2.66666666666667,3.14285714285714,2.61904761904762,3.25,3.71428571428571,1,2.04081632653061,0.476190476190476,3.14285714285714,1.57142857142857,1.8,1.6530612244898,1,0,1.42857142857143,2.28571428571429,3.14285714285714,1,3.55555555555556
"S",0.5625,1.38888888888889,1.45833333333333,2,3,1,2.40625,3.14285714285714,2,4.125,2.33333333333333,0.6,1,2.5,1.42857142857143,0,0.3,2.625,2.15384615384615,2.88888888888889
"T",0.6,2.6,1.86666666666667,2.4,3.25,1.86666666666667,2.7,1.37142857142857,1.4,3,1.71111111111111,1,1.8,2.28571428571429,2.28571428571429,0.3,0,1.4,4.2,2.6
"V",1,2,3.36111111111111,2.77777777777778,2.5,2.25,2.5,0.285714285714286,3.36111111111111,1,0.740740740740741,3,2.14285714285714,2.61904761904762,3.14285714285714,2.625,1.4,0,4.71794871794872,2.85185185185185
"W",4.84615384615385,3.73504273504273,4.71794871794872,5.23076923076923,1.44230769230769,4.71794871794872,1.96153846153846,3.46153846153846,3.33333333333333,1.84615384615385,2.73504273504274,2.76923076923077,3.86813186813187,3.46153846153846,1,2.15384615384615,4.2,4.71794871794872,0,1.41025641025641
"Y",3.5,1.49382716049383,3.85185185185185,3.33333333333333,0.277777777777778,4.40740740740741,1.25,1.9047619047619,3.33333333333333,2.40740740740741,2.77777777777778,2.13333333333333,4.04761904761905,3.55555555555556,3.55555555555556,2.88888888888889,2.6,2.85185185185185,1.41025641025641,0
