"","A","C","D","E","F","G","H","I","K","L","M","N","P","Q","R","S","T","V","W","Y"
"A",0,2.33333333333333,1.45833333333333,1,3.65625,1,3,2,2.8,2.625,1.83333333333333,1.5,1,2,3.14285714285714,0.5625,0.6,1,4.84615384615385,3.5
"C",2.33333333333333,0,4.40740740740741,4.40740740740741,3.33333333333333,3.11111111111111,2.52777777777778,2,4.91111111111111,5,3.5679012345679,3.66666666666667,2.66666666666667,4.40740740740741,2.66666666666667,1.38888888888889,2.6,2,3.73504273504274,1.23456790123457
"D",1.45833333333333,4.40740740740741,0,0.111111111111111,4.66666666666667,1.4,1.3125,2.77777777777778,1.86666666666667,4.69444444444444,2.85185185185185,0.2,2.61904761904762,1,3.14285714285714,1.45833333333333,1.86666666666667,2.77777777777778,4.23076923076923,3.33333333333333
"E",1,4.40740740740741,0.111111111111111,0,4.66666666666667,1.4,1.3125,2.25,1.86666666666667,3.36111111111111,2.40740740740741,1,1.71428571428571,0.444444444444444,2.61904761904762,2,1.86666666666667,2.25,4.71794871794872,3.33333333333333
"F",3.65625,3.33333333333333,4.66666666666667,4.66666666666667,0,3.85,1.890625,1,5.2,1,1.25,3.25,3.25,4.0625,3.25,3,3.25,2.5,1.44230769230769,0.277777777777778
"G",1,3.11111111111111,1.4,1.4,3.85,0,3.25,3.66666666666667,3.24,4.4,3.11111111111111,1.44,2.28571428571429,2.4,3.42857142857143,1,1.96,2.4,4.73846153846154,4.91111111111111
"H",3,2.52777777777778,1.3125,1.3125,1.890625,3.25,0,2.97916666666667,1.75,2.0625,2.52777777777778,0.45,1.60714285714286,0.5,0.75,2.40625,2.2,2.5,1.96153846153846,1.25
"I",2,2,2.77777777777778,2.25,1,3.66666666666667,2.97916666666667,0,2.4,0.694444444444445,0.740740740740741,2.4,2.61904761904762,2.77777777777778,2.14285714285714,2.625,1,0.25,3.76923076923077,2
"K",2.8,4.91111111111111,1.86666666666667,1.86666666666667,5.2,3.24,1.75,2.4,0,3.66666666666667,1,0.64,2.28571428571429,1.4,0.428571428571429,1.5,1.44,3.66666666666667,3.21538461538462,3.66666666666667
"L",2.625,5,4.69444444444444,3.36111111111111,1,4.4,2.0625,0.694444444444445,3.66666666666667,0,0.518518518518519,3,2.61904761904762,2.25,3.14285714285714,4.125,2.4,1,1.84615384615385,2
"M",1.83333333333333,3.5679012345679,2.85185185185185,2.40740740740741,1.25,3.11111111111111,2.52777777777778,0.740740740740741,1,0.518518518518518,0,2.6,2.26984126984127,1.62962962962963,1.57142857142857,2.33333333333333,1.71111111111111,0.740740740740741,2.73504273504274,2.77777777777778
"N",1.5,3.66666666666667,0.2,1,3.25,1.44,0.45,2.4,0.64,3,2.6,0,1.8,1.4,1.8,0.6,1,3,2.76923076923077,1.71111111111111
"P",1,2.66666666666667,2.61904761904762,1.71428571428571,3.25,2.28571428571429,1.60714285714286,2.61904761904762,2.28571428571429,2.61904761904762,2.26984126984127,1.8,0,1.33333333333333,1.30612244897959,1,1.37142857142857,2.14285714285714,3.46153846153846,4.04761904761905
"Q",2,4.40740740740741,1,0.444444444444444,4.0625,2.4,0.5,2.77777777777778,1.4,2.25,1.62962962962963,1.4,1.33333333333333,0,1,2,2.4,2.77777777777778,3.33333333333333,3.33333333333333
"R",3.14285714285714,2.66666666666667,3.14285714285714,2.61904761904762,3.25,3.42857142857143,0.75,2.14285714285714,0.428571428571429,3.14285714285714,1.57142857142857,1.8,1.30612244897959,1,0,1.42857142857143,2.28571428571429,2.61904761904762,1,3.0952380952381
"S",0.5625,1.38888888888889,1.45833333333333,2,3,1,2.40625,2.625,1.5,4.125,2.33333333333333,0.6,1,2,1.42857142857143,0,0.3,2.625,2.15384615384615,2.88888888888889
"T",0.6,2.6,1.86666666666667,1.86666666666667,3.25,1.96,2.2,1,1.44,2.4,1.71111111111111,1,1.37142857142857,2.4,2.28571428571429,0.3,0,1.4,3.69230769230769,2.6
"V",1,2,2.77777777777778,2.25,2.5,2.4,2.5,0.25,3.66666666666667,1,0.740740740740741,3,2.14285714285714,2.77777777777778,2.61904761904762,2.625,1.4,0,4.23076923076923,2.40740740740741
"W",4.84615384615385,3.73504273504273,4.23076923076923,4.71794871794872,1.44230769230769,4.73846153846154,1.96153846153846,3.76923076923077,3.21538461538462,1.84615384615385,2.73504273504274,2.76923076923077,3.46153846153846,3.33333333333333,1,2.15384615384615,3.69230769230769,4.23076923076923,0,1.41025641025641
"Y",3.5,1.23456790123457,3.33333333333333,3.33333333333333,0.277777777777778,4.91111111111111,1.25,2,3.66666666666667,2,2.77777777777778,1.71111111111111,4.04761904761905,3.33333333333333,3.0952380952381,2.88888888888889,2.6,2.40740740740741,1.41025641025641,0
